57,50,85,13,100,31
36,46,100,6,92,37
27,84,73,40,76,0
56,69,74,23,99,24
18,71,84,22,73,24
12,100,52,64,61,0
35,85,69,41,76,0
38,60,100,19,94,20
47,81,62,32,93,16
19,71,91,29,81,0
14,81,80,38,91,10
9,64,76,21,100,25
4,100,62,63,63,0
27,91,53,39,100,5
15,78,68,38,73,0
45,79,61,31,100,16
13,90,73,56,68,0
49,70,86,28,83,17
68,30,89,3,100,41
28,99,50,54,82,0
48,34,98,0,100,39
31,51,100,18,95,23
16,98,67,55,59,0
30,41,93,11,100,24
47,33,88,5,100,30
34,74,83,33,76,0
33,55,100,21,93,20
22,89,46,36,98,18
67,76,73,32,97,30
31,71,92,30,88,8
38,83,60,34,73,15
10,90,65,43,97,1
10,100,20,65,86,0
27,79,72,33,100,8
50,37,100,9,86,27
0,100,45,66,56,0
11,84,84,46,50,0
24,100,36,44,87,0
17,100,52,48,96,0
9,83,69,39,86,11
7,73,78,31,86,20
63,37,88,0,77,59
23,63,100,23,83,9
89,40,98,2,100,44
7,61,98,20,89,5
6,100,34,64,74,0
84,33,92,0,81,66
31,77,81,33,88,13
44,72,92,26,97,13
27,96,25,46,100,8
23,67,96,30,85,11
20,51,100,11,85,22
13,93,65,54,54,0
43,70,84,23,97,20
36,37,70,6,100,32
33,56,100,16,95,27
81,56,82,16,90,42
38,87,79,40,85,8
35,100,72,57,85,0
36,47,100,9,84,38
48,96,70,38,77,6
34,42,100,3,89,38
0,100,39,75,67,0
17,90,61,49,82,0
0,79,70,43,70,0
70,25,100,0,91,35
19,89,76,51,66,0
31,65,100,27,93,20
20,58,100,23,85,17
34,90,67,47,76,0
46,44,100,7,94,28
40,58,75,10,94,45
38,65,85,25,96,19
80,11,85,0,88,70
25,61,96,16,100,20
12,73,93,30,55,6
32,69,72,27,90,17
21,56,81,18,100,23
47,22,73,0,100,39
18,83,80,37,99,6
27,100,53,59,82,0
59,55,94,10,90,41
71,56,98,18,100,32
6,94,62,51,83,0
62,63,93,24,88,24
11,100,24,67,84,0
31,75,72,30,83,8
3,100,58,61,70,0
31,69,91,23,78,13
12,85,67,44,73,0
9,97,54,48,96,0
15,76,75,33,80,7
29,66,98,25,94,17
0,100,41,65,59,0
26,50,100,8,91,34
39,43,100,4,96,36
51,86,56,37,92,8
43,66,74,27,100,27
9,49,90,18,100,24
37,70,99,27,84,7
69,75,71,28,100,34
54,46,100,8,82,28
0,75,95,35,88,12
1,71,75,31,90,16
31,93,60,57,71,0
30,100,63,71,49,0
56,60,93,16,92,24
39,35,100,0,90,34
31,100,28,47,99,2
26,76,83,31,92,4
11,68,92,25,85,5
29,55,85,14,100,24
47,63,88,18,100,29
50,62,85,24,91,30
11,88,51,35,100,14
10,82,62,44,80,0
25,69,88,26,84,17
43,66,88,22,100,19
12,78,80,38,78,2
16,100,44,57,76,0
21,90,86,44,73,0
9,82,72,37,77,0
29,80,74,38,96,12
81,24,97,0,100,55
25,100,63,75,40,4
17,81,79,36,100,10
31,96,84,56,72,0
25,38,100,0,77,40
27,76,82,34,82,6
23,63,98,25,96,15
25,55,100,16,86,41
31,52,100,15,91,20
43,56,100,20,95,31
32,53,97,20,100,24
30,71,86,29,94,14
46,36,100,4,99,31
0,98,60,60,73,0
22,64,95,27,99,25
60,75,75,27,82,25
19,82,77,41,77,0
15,100,43,63,79,0
62,81,70,31,90,26
11,90,65,48,82,0
27,88,67,45,84,0
23,62,66,21,100,23
7,95,67,49,69,0
70,33,74,2,100,39
0,67,93,29,97,21
13,81,62,35,100,13
25,100,57,68,57,0
37,26,92,0,100,39
30,78,73,36,83,3
7,100,56,68,54,0
47,51,95,18,100,34
18,76,76,30,91,6
62,57,97,15,98,29
14,53,100,10,86,29
4,79,86,35,88,4
32,87,87,30,86,4
11,97,61,61,80,0
46,78,86,29,88,11
0,100,38,61,90,0
27,51,98,4,100,42
44,53,100,13,94,28
16,93,73,50,68,0
17,64,86,22,96,20
58,65,79,27,96,26
51,51,95,15,100,27
49,51,97,8,100,32
38,100,33,51,99,0
30,45,100,6,88,33
37,65,100,25,92,13
45,79,67,34,98,21
21,94,75,55,73,0
0,89,54,45,89,0
82,37,92,0,87,60
35,65,100,17,97,27
74,64,82,25,95,36
42,44,85,9,100,27
23,75,78,29,100,12
18,100,41,49,86,9
59,59,83,21,100,34
47,90,67,45,89,6
56,65,60,25,100,33
30,80,66,32,71,11
38,42,92,9,100,27
11,80,71,37,83,0
31,47,91,8,100,30
27,93,61,54,51,0
26,75,82,30,65,1
5,100,55,68,56,0
13,100,66,55,92,0
36,95,62,49,96,5
32,43,90,14,100,21
1,100,29,51,92,0
31,100,49,53,92,0
40,65,77,19,100,11
15,100,40,61,80,0
32,72,100,27,89,24
40,53,95,19,100,30
63,38,96,7,100,39
18,87,79,39,100,5
5,92,64,54,65,0
23,78,75,40,72,0
75,61,83,23,72,37
19,84,76,39,78,0
42,65,100,23,96,22
23,84,81,35,97,6
16,50,74,13,100,33
12,76,73,27,78,0
0,81,85,43,51,0
7,79,89,35,88,0
15,100,57,62,67,0
10,72,88,28,100,19
63,58,91,17,99,35
14,73,81,30,81,1
38,39,98,3,100,29
25,87,68,50,72,0
29,76,84,30,74,2
40,70,84,26,94,23
53,46,100,14,91,30
6,88,59,41,90,0
57,67,73,21,91,24
32,44,88,6,100,33
32,82,66,41,92,4
24,53,100,11,84,35
31,60,85,20,100,26
42,64,85,24,99,28
40,45,85,13,100,33
38,82,66,30,100,9
17,70,63,27,100,16
15,42,94,5,100,23
17,92,67,53,72,0
20,64,100,24,86,11
15,99,68,58,78,0
45,100,43,74,67,0
47,67,83,23,98,23
12,75,77,30,87,4
88,21,100,0,95,65
46,51,85,0,94,48
56,36,98,0,97,55
17,68,79,26,83,13
52,74,91,24,95,22
27,85,66,42,87,0
33,100,20,48,83,13
51,38,100,0,99,42
54,69,86,22,98,23
5,75,77,34,75,5
27,73,92,28,92,21
26,74,80,30,92,12
42,66,84,22,94,26
79,26,100,0,100,52
97,16,91,0,95,67
24,100,55,62,77,0
55,34,96,7,100,36
35,53,84,14,100,26
56,81,67,35,88,15
21,89,73,43,77,0
29,94,66,54,74,0
32,46,97,4,100,34
7,69,86,30,96,22
52,33,100,0,84,50
16,97,67,56,80,0
34,70,67,25,100,15
20,71,89,26,100,16
15,62,95,24,100,7
49,70,79,21,99,24
4,100,49,58,94,0
19,100,32,71,75,0
3,97,61,54,69,0
36,100,25,62,73,0
14,70,94,30,76,0
33,77,64,30,100,23
2,96,62,59,37,0
41,54,88,15,100,30
48,64,86,24,99,26
30,91,57,42,96,1
63,77,73,25,97,36
9,70,78,29,93,15
4,100,45,61,76,0
49,56,98,19,100,27
62,24,100,0,96,59
59,43,100,9,87,33
20,73,94,26,75,11
75,58,74,14,100,36
44,33,100,0,86,34
32,95,73,56,68,0
35,67,83,25,91,25
14,100,49,56,81,0
31,99,63,43,90,0
18,63,100,25,84,13
25,100,17,69,76,0
45,80,78,34,78,2
8,97,67,63,66,0
0,82,77,50,58,0
48,45,100,15,91,28
29,59,89,19,100,20
58,72,70,32,89,30
40,56,89,17,100,26
48,70,84,29,97,21
9,72,89,31,85,5
13,100,24,67,76,0
51,56,100,15,97,32
2,90,72,49,86,0
21,68,90,25,99,17
23,78,77,34,77,2
26,73,75,30,73,7
32,49,100,13,95,25
36,59,94,19,100,22
26,50,100,10,89,30
38,36,100,6,92,27
68,13,82,0,100,59
46,70,83,24,93,15
14,69,96,25,79,7
30,57,100,16,97,28
30,90,54,41,86,0
35,89,54,40,89,8
50,60,76,17,100,29
34,61,81,15,100,17
39,69,80,24,79,24
36,76,68,30,52,6
34,70,76,29,86,9
62,56,95,6,91,42
26,73,90,28,99,16
34,44,100,10,100,28
65,30,94,0,84,63
18,100,31,75,68,0
12,60,92,19,100,19
55,37,100,0,89,49
29,83,81,34,82,1
21,84,82,44,71,0
21,83,64,39,85,1
34,96,64,61,86,0
10,67,89,25,75,4
4,80,73,37,77,0
15,85,59,36,95,20
24,100,33,48,91,3
62,24,80,0,100,44
13,85,74,38,76,0
1,90,80,54,63,0
22,100,36,56,73,0
48,24,91,0,100,38
27,91,63,43,88,1
57,65,99,17,94,37
17,95,76,47,56,0
34,100,28,60,82,0
100,14,93,0,81,79
27,41,75,8,100,26
8,71,100,28,96,6
25,72,82,27,93,29
85,47,81,5,100,42
51,31,90,2,100,34
49,66,69,22,100,17
11,83,80,37,78,0
62,29,100,0,83,33
0,95,74,55,58,0
10,75,85,31,89,4
54,63,89,21,89,19
16,54,96,11,100,26
37,42,99,7,100,33
48,69,76,25,100,20
44,66,88,22,94,18
20,100,51,62,71,0
32,67,84,23,85,7
49,38,100,6,91,31
28,40,100,10,83,17
78,26,77,0,100,52
43,54,97,20,100,35
37,85,81,31,100,10
49,62,79,20,83,24
59,28,96,0,100,49
16,100,57,64,69,0
5,100,57,58,73,0
40,71,76,27,90,24
61,47,82,8,100,41
17,98,52,50,98,3
86,25,94,0,100,62
41,66,75,22,100,21
29,100,55,62,67,0
51,93,52,42,100,21
40,99,55,44,81,2
4,88,66,54,58,0
49,93,64,56,74,0
17,83,66,37,97,10
26,79,92,36,89,1
68,32,100,0,89,49
39,81,87,38,84,11
25,71,96,20,100,23
38,59,76,17,100,27
50,58,95,16,99,37
30,70,75,28,90,11
23,62,96,18,79,19
48,77,68,29,87,10
55,58,89,17,100,36
29,81,65,38,100,13
9,100,61,72,45,0
6,85,79,46,59,0
39,84,76,39,77,2
13,100,30,55,74,0
1,95,59,53,66,0
65,31,100,1,92,36
0,64,90,19,100,17
72,62,73,19,100,37
21,78,76,30,97,14
9,97,58,46,97,1
7,58,100,15,98,18
58,20,96,0,100,41
31,68,94,25,87,13
42,39,88,8,100,34
0,85,80,46,64,0
36,85,81,37,95,10
26,57,100,18,88,20
73,36,100,0,94,57
21,71,84,26,81,10
35,67,95,24,84,21
35,94,66,48,92,0
26,95,60,56,86,0
32,85,42,38,100,7
72,61,93,18,97,37
43,76,73,28,75,13
16,100,35,67,68,0
25,100,29,61,90,0
39,73,86,27,93,15
21,52,100,5,78,15
0,85,70,41,94,7
36,81,73,34,97,14
31,58,98,20,100,27
32,89,74,48,74,0
29,80,53,33,100,14
52,88,65,40,100,14
26,29,88,0,100,35
19,80,86,38,78,0
50,55,78,19,100,34
8,83,66,40,72,0
44,65,75,25,100,20
26,100,54,64,64,0
58,45,88,5,100,41
32,38,92,0,100,46
40,93,64,45,82,0
19,50,100,14,82,23
56,56,89,16,100,31
41,85,68,39,91,6
0,89,71,51,67,0
26,100,42,70,91,0
38,69,87,26,64,20
35,39,100,2,93,26
25,80,81,35,72,0
35,28,100,0,83,40
70,62,93,22,100,34
65,45,99,8,100,36
27,92,77,50,73,0
22,73,86,26,98,17
73,40,100,2,90,39
61,23,90,0,100,44
0,95,48,48,100,0
38,56,94,14,100,29
51,42,97,10,100,32
42,76,73,32,81,20
40,69,84,26,100,25
15,89,79,44,85,0
66,74,66,28,88,23
32,66,92,21,64,20
27,55,100,17,99,21
44,79,69,34,79,14
27,72,74,30,97,14
23,53,100,19,96,20
40,70,95,25,98,28
48,66,92,29,86,11
26,100,26,61,79,0
46,68,88,21,100,24
21,59,90,20,100,30
14,96,60,55,73,0
14,92,71,47,63,0
39,88,49,37,100,14
86,15,93,0,100,67
9,95,68,56,77,0
56,47,92,4,100,39
61,58,99,12,95,42
3,100,25,64,77,0
30,65,96,25,96,23
44,78,49,31,100,14
28,59,85,24,100,20
71,50,100,11,95,43
38,45,88,13,100,28
28,58,99,11,96,12
27,59,100,20,96,10
38,43,88,5,100,30
15,100,32,57,89,0
30,72,90,28,100,16
70,43,88,6,100,40
21,52,82,16,100,32
59,35,100,0,86,49
26,99,71,60,64,0
5,70,98,30,91,13
85,38,100,0,84,57
13,73,71,28,83,15
8,94,48,43,100,9
42,44,100,11,96,30
20,83,68,37,81,0
31,55,89,22,100,26
46,53,72,14,100,24
36,70,76,24,82,21
11,84,66,47,70,0
30,68,100,24,89,22
61,48,83,10,100,39
19,99,60,55,90,0
24,80,78,35,95,15
34,67,85,27,84,25
13,87,92,34,100,0
0,93,71,49,63,0
25,100,7,59,93,0
43,67,97,22,91,14
26,100,28,66,67,0
5,100,51,58,87,0
8,100,63,55,87,0
9,100,65,65,67,0
23,74,79,29,73,0
50,90,56,45,100,13
56,60,83,20,100,29
48,60,100,22,98,32
87,64,75,23,95,37
16,100,39,59,78,0
25,100,62,60,79,0
6,98,55,53,91,0
18,84,71,43,84,4
0,100,35,66,82,0
19,70,81,26,91,17
53,49,92,11,100,39
32,71,75,27,91,23
31,71,84,25,100,16
13,78,82,38,71,0
33,80,88,38,89,8
64,81,70,35,93,9
23,56,96,16,100,21
50,76,86,27,98,10
31,72,91,29,89,12
28,100,52,57,92,0
0,92,75,54,59,0
51,44,90,6,100,33
53,76,77,26,87,29
54,51,100,19,96,30
12,73,78,31,95,12
24,75,57,32,100,17
60,60,81,21,100,34
28,63,96,21,97,26
41,84,73,30,90,9
12,91,67,57,67,0
16,100,73,60,67,0
1,79,84,35,76,0
37,58,99,18,100,28
13,100,54,66,57,0
7,99,58,56,72,0
12,100,67,68,54,0
22,89,59,41,95,5
70,63,80,23,96,34
27,94,56,44,86,2
15,91,64,50,76,0
69,60,80,21,100,36
52,62,100,22,85,20
22,67,97,24,89,0
2,59,79,18,100,16
49,44,100,9,94,33
43,37,100,0,95,40
14,67,95,27,73,12
51,69,76,24,88,27
34,38,84,0,100,35
34,46,100,12,93,25
3,100,43,71,77,0
51,90,87,44,99,9
17,80,73,32,94,10
0,95,59,59,71,0
31,79,68,32,93,10
14,99,75,63,61,0
36,72,75,29,98,21
8,81,83,38,87,0
20,100,44,60,67,0
15,57,95,16,100,14
19,72,82,33,86,16
79,37,100,5,86,35
10,95,67,52,73,0
40,93,67,49,88,0
59,61,96,22,100,31
42,42,81,7,100,32
21,53,100,17,83,28
3,76,85,34,88,10
24,65,87,25,100,13
37,76,90,32,90,15
13,72,75,30,99,17
50,82,57,33,100,22
33,59,99,20,96,18
0,93,62,54,75,0
7,76,88,35,59,0
12,76,69,29,62,11
26,100,25,58,89,0
16,76,77,30,90,12
45,93,53,45,100,4
68,66,83,22,92,27
20,100,60,65,62,0
41,55,91,17,100,26
22,86,78,52,62,0
15,67,98,22,100,12
42,80,65,34,87,16
26,87,65,41,68,0
60,27,86,0,100,44
26,81,76,42,66,0
53,60,83,22,100,29
81,60,69,18,100,41
59,60,86,21,100,32
17,95,62,58,69,0
18,90,57,40,95,11
93,22,100,0,95,62
20,100,58,54,73,0
5,100,57,65,70,0
66,61,92,20,98,35
31,66,94,19,70,37
35,53,100,11,100,26
17,66,100,26,89,7
25,47,96,6,100,34
49,31,94,0,100,44
52,41,93,10,100,35
25,80,71,36,94,7
29,100,50,65,50,0
32,46,100,8,87,30
32,28,100,0,89,44
17,86,71,46,74,0
40,39,100,1,100,33
22,100,52,47,99,3
30,48,63,10,100,25
38,67,79,27,100,20
15,100,52,66,70,0
68,40,100,1,96,42
26,86,65,34,93,2
25,56,100,15,88,27
17,63,80,22,100,23
18,62,100,24,95,13
23,72,90,32,76,4
15,68,98,28,95,15
20,73,76,27,100,15
41,91,76,48,100,4
10,100,43,55,97,0
60,45,89,0,100,49
35,70,84,29,77,8
23,53,100,16,95,21
39,70,88,26,96,18
6,80,73,40,78,0
16,100,45,68,74,0
38,80,83,35,87,2
25,87,87,45,92,1
21,74,83,30,69,7
16,98,43,57,92,0
30,64,100,21,95,20
23,72,90,29,93,19
24,74,90,32,77,8
40,57,67,18,100,28
44,51,86,17,100,25
50,69,84,27,100,23
19,75,80,32,91,10
56,41,84,9,100,37
23,100,33,57,90,0
42,98,59,66,67,0
26,94,57,54,83,0
33,46,96,6,100,36
3,74,92,28,95,2
28,99,71,69,63,0
20,100,53,54,77,0
4,86,83,34,70,0
47,66,100,24,85,20
75,46,85,7,100,42
40,76,70,24,99,20
67,38,99,0,100,47
18,100,55,63,59,0
18,100,24,67,90,0
17,100,52,72,63,0
34,67,100,23,89,25
20,93,66,51,71,0
42,56,97,11,93,42
33,76,77,34,86,12
27,100,58,57,83,0
10,66,73,24,100,18
29,96,62,53,80,0
29,90,57,40,97,10
15,67,87,28,84,17
25,76,90,36,76,0
62,30,100,0,100,49
78,27,100,0,99,50
56,36,100,3,97,35
23,89,73,35,97,0
26,60,100,17,94,16
52,27,93,0,100,41
10,72,88,30,98,11
14,100,65,63,72,0
24,48,100,11,96,16
98,21,90,0,89,72
20,100,53,62,57,0
79,27,100,0,98,53
79,25,99,0,100,53
54,84,60,36,98,18
44,69,74,29,100,22
75,31,99,0,100,55
33,92,49,42,100,5
21,98,80,61,65,0
19,71,92,30,90,24
77,12,90,0,96,67
73,62,76,20,100,39
16,85,75,35,86,1
57,34,100,4,93,34
27,53,100,16,94,20
62,43,100,4,81,38
21,88,70,49,66,0
25,57,89,16,100,21
59,47,100,12,93,33
70,29,100,0,97,49
31,85,60,35,100,3
31,60,100,20,94,17
24,97,63,53,84,0
27,81,80,44,69,0
19,70,75,29,86,4
70,14,92,0,96,64
35,82,74,35,83,0
9,97,84,62,56,0
46,56,88,13,100,42
41,80,44,31,100,13
93,6,79,0,84,83
67,26,97,0,100,51
32,68,77,22,100,24
15,86,86,44,75,0
24,89,70,44,84,0
35,34,100,3,93,41
18,77,76,32,67,2
22,77,83,31,100,10
35,66,89,18,100,19
45,53,100,14,97,26
32,100,42,66,90,0
78,23,95,0,100,58
46,59,98,20,100,28
35,51,89,9,100,21
34,85,70,43,92,9
12,73,90,34,88,8
20,84,69,38,88,7
62,21,95,0,100,54
26,67,48,25,100,16
14,89,69,43,86,0
44,94,75,45,95,0
34,63,91,16,91,22
26,68,87,25,95,16
13,72,86,31,88,13
35,100,48,81,84,0
46,59,96,18,100,32
50,56,97,12,98,39
19,80,82,40,81,0
31,77,72,33,89,14
23,79,78,35,93,13
61,48,91,11,100,38
67,27,99,0,100,46
44,47,100,11,99,30
15,67,83,24,98,17
62,43,100,7,93,35
29,58,100,20,99,21
48,73,82,27,97,15
28,79,78,32,95,8
35,50,100,12,98,25
11,100,58,70,55,0
19,100,51,78,59,0
19,100,60,62,85,0
71,15,96,0,76,72
24,100,34,50,76,2
40,55,99,16,100,22
97,19,88,0,76,72
14,76,84,35,85,10
19,100,66,64,64,0
34,67,91,29,75,3
31,79,80,36,81,1
67,15,90,0,100,56
67,46,100,12,93,35
14,100,60,61,78,0
24,83,78,44,73,0
26,73,83,30,88,5
22,92,78,51,88,0
11,88,67,47,82,0
45,29,98,0,100,39
22,64,88,25,100,28
58,42,96,10,100,36
34,93,75,42,91,2
64,20,94,0,100,56
12,80,71,39,77,0
74,20,98,0,92,65
11,64,97,27,90,19
52,54,100,16,89,21
13,83,82,44,72,0
61,53,100,14,98,32
53,52,100,18,86,29
78,18,97,0,100,64
38,54,90,10,100,35
10,73,74,32,100,17
2,92,83,53,60,0
42,84,75,38,99,12
68,42,93,5,100,40
45,66,74,29,100,26
20,100,62,57,95,0
58,94,49,44,100,10
27,87,68,41,93,0
23,79,67,31,100,9
58,49,94,6,100,34
23,84,77,36,97,4
32,79,88,41,58,0
19,100,47,73,69,0
47,46,100,12,79,30
38,100,30,49,99,1
27,98,62,52,94,0
3,93,67,46,96,0
58,38,83,4,100,37
11,80,69,36,94,6
56,61,100,22,99,27
33,100,39,50,88,0
49,81,60,35,92,16
12,79,84,41,60,0
19,100,56,57,81,0
40,100,32,52,94,0
26,59,99,14,98,37
16,78,71,37,75,5
32,86,67,40,88,9
27,57,90,20,100,28
61,55,94,12,97,43
27,71,83,29,96,24
16,55,100,9,98,42
16,99,51,52,74,0
24,100,28,58,80,0
31,51,85,11,100,27
15,93,85,52,58,0
39,70,80,24,90,20
26,69,86,28,88,17
77,42,95,8,100,40
40,83,65,43,70,0
40,100,44,46,97,9
42,59,93,13,97,40
22,100,19,69,80,0
30,79,60,36,85,5
20,84,70,38,93,0
31,62,93,23,100,29
4,83,83,43,67,0
30,54,99,12,100,20
20,71,84,31,88,14
52,57,85,18,100,35
43,92,66,46,89,0
65,23,96,0,100,52
91,18,89,0,100,62
84,15,94,0,88,68
41,60,96,23,90,23
50,77,64,30,82,15
38,77,72,33,100,13
11,100,51,60,80,0
45,65,91,21,96,35
18,83,74,41,82,0
19,77,87,29,92,7
47,44,100,9,82,34
34,53,89,9,100,38
80,15,88,0,70,73
25,52,97,10,100,17
41,82,62,31,96,11
0,92,68,45,93,0
63,49,93,12,100,44
37,65,91,11,93,33
29,100,46,57,85,0
35,58,100,18,100,21
43,53,97,11,100,41
36,88,73,44,88,0
54,72,72,29,92,17
35,83,86,36,57,0
0,96,78,57,46,0
35,43,94,10,100,31
23,76,78,29,88,7
26,65,88,21,89,30
16,76,83,34,89,9
36,58,100,15,92,30
52,60,86,18,100,29
81,23,97,0,100,59
44,30,78,0,100,41
10,84,87,42,76,0
33,96,51,45,99,4
26,100,48,68,70,0
26,97,84,52,77,0
81,25,100,0,80,53
13,68,89,27,96,17
38,66,94,23,90,32
83,3,74,0,61,86
57,51,82,14,100,34
14,85,87,48,67,0
17,90,56,42,86,11
29,81,83,35,83,14
38,71,88,30,84,17
20,100,64,70,56,0
61,60,97,10,96,41
17,90,71,48,70,0
11,94,50,46,100,0
12,59,100,15,84,16
82,14,97,0,80,75
85,30,100,0,91,48
14,62,100,21,93,37
35,79,66,33,80,2
0,92,83,52,62,0
4,81,68,36,97,8
21,95,65,41,87,0
24,68,72,23,96,23
42,78,71,29,78,9
16,69,82,22,100,15
24,100,42,61,63,0
28,90,63,38,100,6
13,60,97,19,100,21
28,64,89,23,100,27
22,68,86,25,98,19
29,68,87,23,95,19
47,48,98,13,100,31
54,55,100,17,92,31
49,31,92,0,100,37
15,73,100,34,78,5
51,46,88,9,100,36
35,63,78,24,100,30
42,45,95,8,100,28
0,69,93,31,82,6
27,70,85,27,95,20
99,4,88,0,79,78
27,60,91,23,71,21
33,89,69,46,77,0
30,66,100,28,90,18
23,71,83,29,79,5
26,79,74,40,70,0
7,94,55,42,81,8
58,65,85,25,100,32
45,93,48,43,100,10
41,69,91,22,100,26
17,99,71,59,74,0
33,74,83,31,82,5
21,88,76,45,80,0
27,73,81,30,88,18
49,45,95,8,100,24
44,39,90,6,100,35
26,75,68,28,100,11
63,25,100,0,97,54
29,69,80,27,100,18
52,40,89,8,100,32
19,92,40,58,100,0
23,70,92,30,89,14
29,79,81,32,84,8
29,93,64,45,81,7
18,69,86,25,93,24
54,54,93,18,100,30
25,99,75,65,50,0
29,56,96,18,100,26
33,100,26,54,80,0
24,82,78,35,86,0
86,15,89,0,92,69
17,78,69,35,92,7
43,70,69,30,78,9
40,40,95,6,100,34
31,65,73,23,83,10
36,44,86,10,100,27
83,12,86,0,100,68
34,91,73,48,81,0
30,56,100,17,96,16
65,44,100,6,90,44
56,62,83,21,100,29
37,78,69,35,84,11
22,90,75,45,71,0
42,100,40,77,76,0
42,66,67,25,100,20
17,58,100,20,72,2
48,54,79,16,100,31
13,93,70,49,88,0
55,52,100,17,96,32
11,65,82,26,100,19
75,23,100,0,89,63
32,55,99,10,100,40
55,44,91,6,100,39
23,92,70,50,86,0
47,42,100,6,99,31
45,62,100,19,99,30
32,89,77,41,98,5
6,88,71,44,85,0
44,53,91,17,100,30
30,63,89,26,81,25
36,61,94,17,100,28
19,66,87,25,100,20
54,70,73,32,87,17
19,90,58,46,84,0
47,44,100,8,85,34
11,92,58,46,90,0
42,92,63,48,86,0
16,95,65,49,75,0
29,54,97,10,100,23
17,76,78,34,88,21
13,74,78,32,94,11
41,76,76,34,72,7
11,87,67,43,75,1
56,51,93,15,100,39
19,66,81,27,100,23
0,0,6,15,89,75
24,11,1,1,66,65
0,18,0,48,73,100
9,5,0,30,93,80
29,4,0,12,72,78
12,17,0,14,78,77
31,11,1,0,73,53
33,2,0,28,58,100
44,3,7,0,66,62
29,8,0,12,73,71
40,5,0,16,79,72
3,5,11,0,66,69
48,5,0,25,95,73
0,12,4,42,61,100
0,14,1,37,89,87
34,20,5,0,64,57
9,24,0,5,61,72
0,0,2,28,74,99
28,0,16,26,75,82
41,3,0,16,79,94
36,19,20,21,69,85
28,0,4,21,71,79
0,20,0,19,84,85
0,32,0,55,73,100
0,20,0,43,85,91
37,17,0,17,100,50
0,21,0,44,89,85
0,5,0,31,76,97
0,5,1,27,95,78
5,0,7,3,79,66
19,6,1,23,88,81
32,33,0,19,76,72
13,8,0,12,71,69
40,11,0,16,76,69
25,7,0,3,76,66
0,2,0,22,82,80
30,18,4,5,81,65
54,4,0,2,78,60
37,31,0,19,79,68
23,5,0,10,63,84
29,17,3,0,72,58
4,6,0,28,80,82
0,39,0,62,79,100
32,4,6,7,72,71
51,11,0,6,91,66
45,0,0,5,82,99
40,0,0,20,67,85
0,8,0,31,75,91
0,9,1,34,72,94
0,23,0,44,86,92
0,10,0,4,75,73
26,7,0,7,74,70
26,11,0,18,80,75
44,21,0,32,73,88
0,2,4,26,99,77
9,8,0,18,61,96
43,2,1,14,75,86
19,0,0,15,100,67
33,26,22,18,64,71
8,27,0,12,80,67
26,5,32,12,76,68
0,12,0,38,79,93
20,15,0,3,73,70
14,7,0,31,88,77
39,0,3,10,69,81
0,13,0,36,91,83
40,0,3,11,63,82
42,0,3,16,49,100
10,19,0,16,89,73
26,29,21,0,87,57
26,1,3,23,87,76
30,26,0,28,82,85
4,8,6,36,68,100
29,0,12,19,84,74
30,3,0,12,76,74
21,1,0,12,87,66
0,5,2,29,79,93
0,4,0,17,90,72
61,1,4,15,77,76
33,15,0,15,69,75
0,2,0,22,73,87
0,2,0,23,87,84
27,10,34,13,73,66
18,16,0,35,92,81
50,0,3,15,60,95
44,7,0,10,100,62
11,0,3,12,72,77
55,3,2,25,76,78
0,13,11,0,63,78
0,0,3,7,78,86
0,0,9,22,71,91
31,9,0,14,87,65
53,3,2,9,81,69
27,15,0,13,66,77
43,3,0,14,80,73
45,0,2,18,69,83
0,19,0,8,77,71
24,13,0,6,91,65
0,18,0,41,82,94
14,15,3,0,66,74
56,17,0,10,76,67
0,2,6,30,77,99
6,9,0,13,80,70
29,8,2,9,71,75
40,22,0,32,78,67
0,0,10,19,88,86
31,4,0,17,85,71
41,20,0,43,75,94
0,11,0,26,77,87
27,9,0,13,84,68
13,11,0,32,96,75
22,0,8,8,72,73
7,4,0,13,86,70
38,22,0,17,79,77
51,0,1,20,80,93
30,12,0,10,84,69
6,31,0,16,76,75
27,15,12,14,99,57
42,20,0,0,74,53
0,12,0,35,95,80
0,4,0,26,64,98
0,19,0,19,87,71
0,17,4,39,93,90
21,8,0,16,69,85
14,8,0,5,86,63
27,10,0,16,70,87
15,12,0,18,66,89
12,1,0,1,63,76
32,0,22,20,70,84
16,4,0,13,68,82
51,0,0,12,100,61
46,32,0,61,95,100
0,27,0,16,84,75
17,0,5,23,78,80
0,16,6,43,78,97
20,19,15,20,80,73
0,6,0,22,80,81
32,7,0,24,71,80
0,28,0,50,78,99
5,32,0,19,84,73
0,3,4,30,90,84
8,2,0,2,98,64
24,29,0,16,85,63
0,21,0,44,77,98
65,0,16,20,82,71
18,18,16,0,76,62
9,19,0,43,77,95
0,0,1,3,63,79
0,24,0,46,79,99
16,0,3,17,37,100
17,5,0,20,68,86
32,4,0,12,71,77
52,1,0,15,75,77
0,12,6,38,73,100
16,14,13,23,76,77
30,11,0,24,63,96
0,0,10,18,76,87
0,21,1,46,70,100
31,1,0,15,67,97
0,0,10,27,82,87
0,8,0,30,90,77
29,19,0,2,83,64
37,10,0,11,80,70
48,0,7,23,97,71
40,0,10,24,78,88
20,1,1,4,63,76
15,10,3,35,76,95
0,0,12,25,62,100
42,0,14,21,73,83
52,9,0,27,92,74
63,8,3,30,78,80
85,0,5,5,69,66
0,0,12,10,66,83
0,0,19,23,70,88
19,9,0,26,74,83
45,2,6,0,98,57
55,0,12,16,73,89
0,10,1,39,72,100
48,30,0,15,96,57
0,0,10,29,71,99
48,8,0,3,81,88
7,5,1,33,72,95
49,24,0,11,97,60
37,22,0,13,78,68
12,4,0,28,73,87
1,6,19,2,68,77
18,0,22,22,83,75
35,8,0,11,78,78
41,19,31,26,81,71
0,0,11,2,79,68
36,8,10,3,60,68
0,4,17,2,56,89
62,2,1,22,86,71
33,20,0,37,91,79
14,2,4,27,79,79
0,19,2,41,79,94
0,23,0,10,68,88
14,8,0,14,78,71
15,7,1,2,79,68
0,0,7,13,66,93
33,1,2,17,78,67
0,0,10,13,85,73
0,17,0,14,74,77
0,0,0,13,89,72
14,4,0,28,86,80
3,0,1,21,85,78
9,6,0,31,68,91
8,0,2,15,85,73
23,0,7,27,78,85
48,13,1,0,62,56
25,15,0,26,67,91
13,0,6,22,83,78
22,9,0,13,100,62
0,7,0,29,85,85
0,15,1,49,66,100
52,3,1,31,69,93
32,18,0,22,86,71
54,23,10,0,69,55
0,1,10,30,79,88
16,9,1,16,73,76
0,24,0,12,78,77
0,16,0,43,82,100
16,0,1,23,67,97
0,12,0,8,80,71
12,1,4,7,54,87
32,8,0,17,71,77
34,10,5,0,74,69
16,1,0,13,88,69
5,3,0,22,96,76
0,14,0,36,90,87
12,15,9,42,66,100
0,18,0,22,64,94
0,3,0,28,87,87
0,20,0,44,76,97
8,6,0,21,83,73
19,5,4,12,100,58
9,0,6,21,86,76
14,0,7,15,76,79
11,6,0,14,71,79
14,20,0,42,88,86
29,0,6,18,66,91
29,4,1,27,81,81
22,12,1,34,90,80
8,6,0,7,72,72
15,10,4,34,73,95
14,0,12,26,63,96
17,13,0,36,83,83
0,8,1,30,86,81
0,22,0,49,79,100
23,19,0,39,80,100
10,18,2,43,55,100
0,0,11,15,66,88
40,28,0,46,80,91
5,15,0,4,68,78
10,0,3,0,60,82
14,2,8,29,78,79
0,11,0,32,83,85
47,0,4,17,72,83
12,3,0,20,87,74
57,12,0,34,56,100
5,2,0,1,68,75
0,5,0,25,91,77
27,3,0,11,76,76
0,0,2,16,86,77
43,5,2,25,81,78
0,21,0,45,78,96
16,14,0,37,72,95
45,1,0,4,85,63
44,0,1,16,85,70
21,14,0,2,74,77
35,2,3,4,98,63
27,18,0,22,90,70
31,0,6,32,65,100
0,22,0,10,73,72
0,0,6,29,65,100
40,4,0,20,71,85
30,0,6,24,69,88
37,4,0,10,85,68
18,14,1,0,59,81
17,0,14,5,59,82
0,0,6,30,81,90
18,26,20,26,66,84
0,10,0,30,93,77
59,22,0,16,71,79
10,0,0,22,58,100
14,8,0,11,65,79
57,9,3,16,70,66
21,3,0,11,77,70
0,2,1,28,80,89
12,13,0,23,78,77
36,19,4,0,77,57
49,0,11,11,73,77
32,0,11,25,53,100
0,23,0,44,92,91
7,1,2,12,80,72
5,2,5,13,78,72
0,6,0,24,85,88
72,0,4,16,77,73
36,8,0,3,70,70
0,8,6,38,74,98
61,13,3,32,79,78
50,28,0,20,81,75
45,0,2,5,92,99
0,8,0,32,78,87
22,0,12,11,84,69
24,13,0,16,82,71
64,6,0,18,81,98
13,32,0,27,83,67
0,4,6,29,88,81
0,5,3,27,95,80
32,2,0,9,73,71
0,6,1,31,93,83
48,12,0,8,76,79
0,20,0,52,80,99
0,21,0,12,78,77
0,23,0,45,91,88
26,3,3,29,91,75
6,23,0,43,89,91
0,2,0,21,77,85
63,15,15,0,81,62
19,5,0,29,88,84
0,0,8,1,72,60
10,25,30,13,81,62
0,16,0,10,71,88
16,16,5,0,84,65
0,3,0,22,75,87
24,15,8,0,75,63
0,23,0,19,82,84
46,6,0,6,75,90
64,14,0,35,86,100
22,11,0,30,85,77
23,8,0,16,88,67
35,9,0,31,84,79
0,3,6,29,75,93
12,8,0,33,96,81
0,9,0,31,85,86
40,18,16,0,69,68
36,16,5,0,53,67
23,20,21,0,63,65
26,24,12,0,93,55
0,26,0,48,83,97
0,16,0,12,71,83
55,4,0,9,66,87
12,10,0,35,69,99
30,0,0,8,75,69
21,31,0,12,66,67
33,29,0,25,79,75
33,0,12,15,76,77
9,3,0,18,89,74
0,18,4,42,82,91
9,13,0,34,88,78
0,10,15,15,70,91
43,14,0,12,80,79
0,20,0,42,93,87
0,20,0,29,81,83
0,5,7,24,83,84
13,3,3,10,78,68
32,4,1,0,63,69
0,26,0,50,62,100
0,4,1,29,80,80
11,11,7,0,69,71
47,0,4,21,90,72
61,29,8,0,100,49
11,6,0,10,72,78
0,16,0,12,76,82
33,16,32,16,77,73
21,6,5,0,82,65
0,30,0,51,83,96
26,26,5,0,56,74
51,6,0,11,71,83
13,13,1,42,78,96
0,0,1,15,79,80
13,9,0,13,71,79
0,7,0,10,95,63
38,16,8,0,68,50
15,6,4,0,63,70
0,9,5,36,79,90
0,8,3,34,81,92
7,0,11,27,57,100
0,6,2,33,73,97
8,10,0,18,84,72
7,16,0,13,83,70
0,17,0,9,65,87
0,1,4,22,75,86
2,3,6,0,79,75
26,8,0,11,64,77
11,9,0,20,78,73
0,14,0,46,75,100
37,0,9,25,67,100
23,12,33,14,79,68
55,26,4,0,95,60
0,9,0,14,80,66
11,7,0,28,77,79
14,15,0,29,74,93
60,2,0,24,74,78
54,3,1,9,74,70
8,22,25,22,66,88
0,1,2,19,79,80
8,11,0,31,91,82
17,8,23,14,85,70
42,1,0,12,59,81
36,13,0,35,85,82
12,4,0,10,80,74
53,20,0,14,78,68
39,8,3,0,81,67
36,17,29,9,59,62
0,10,0,28,82,87
54,8,0,3,73,67
1,11,0,39,78,93
0,3,0,6,57,86
63,7,0,35,91,87
5,20,0,10,67,78
3,11,2,36,85,89
2,35,0,35,85,81
42,15,0,3,80,67
53,18,0,36,69,100
0,0,13,11,68,90
16,30,0,19,89,67
29,30,0,8,80,63
43,13,0,14,91,67
60,12,0,30,84,75
0,0,2,29,71,100
42,14,1,37,82,82
37,0,4,24,83,74
10,8,0,18,64,90
0,9,0,26,81,85
0,10,0,36,77,98
24,0,3,17,88,70
0,18,19,8,78,74
31,2,0,23,78,85
0,3,3,29,75,93
19,7,0,18,68,82
16,2,0,12,71,81
0,3,0,31,78,91
38,10,0,9,73,75
0,15,0,37,82,97
32,19,16,0,65,51
17,5,0,8,100,58
0,6,0,31,85,83
15,3,0,6,75,68
24,9,0,26,86,72
0,6,0,32,76,91
0,0,3,8,82,70
38,3,1,2,79,60
0,10,0,27,83,80
37,1,4,24,78,75
6,0,3,21,74,91
35,17,2,0,100,58
24,9,0,23,94,78
16,3,3,0,77,64
10,0,0,9,87,71
28,0,0,7,78,67
33,6,0,12,80,76
2,1,1,23,81,83
0,15,0,15,70,77
24,10,31,18,78,62
15,21,0,11,73,77
44,17,3,38,81,84
30,16,4,7,59,47
20,29,0,46,93,83
7,10,0,3,71,71
28,0,1,22,58,100
43,12,0,20,80,88
63,14,0,8,88,67
0,13,3,40,78,98
34,7,5,28,80,80
15,14,0,32,97,78
14,0,2,6,65,82
41,0,2,19,80,83
1,0,12,4,55,92
50,2,4,0,85,60
4,17,1,13,61,88
0,2,0,6,54,98
65,5,0,25,90,73
34,23,0,1,89,56
0,5,4,4,78,70
25,9,0,20,74,74
0,5,0,11,90,67
0,0,3,13,76,75
0,9,0,21,72,80
0,17,3,40,89,89
0,14,0,41,74,100
25,19,31,19,87,64
28,9,0,13,87,68
49,0,0,24,76,100
23,0,3,9,98,63
8,9,0,5,70,72
23,0,5,20,59,98
60,0,1,12,88,70
19,4,0,10,68,79
1,0,4,13,72,84
31,10,0,26,76,82
51,6,19,0,63,70
0,1,0,26,76,95
15,0,1,8,94,66
0,17,0,39,82,90
0,16,1,38,84,88
0,11,32,12,75,71
63,0,7,10,81,70
29,9,0,7,71,78
34,3,7,32,69,98
16,2,0,22,71,81
0,11,1,45,65,100
5,6,0,30,72,92
27,0,6,20,82,72
53,11,0,13,91,69
16,6,0,30,94,76
0,6,0,31,88,87
1,0,5,14,92,72
0,18,0,17,64,89
31,4,0,17,72,76
68,16,0,37,94,88
23,19,10,0,75,58
42,6,0,12,79,86
7,0,7,2,69,70
59,0,4,19,84,70
7,22,0,0,58,71
49,8,0,6,74,75
9,0,1,18,90,74
20,19,0,28,76,82
36,1,0,1,65,71
38,0,6,24,75,76
39,15,1,19,91,67
21,21,0,7,66,73
0,17,1,46,70,100
50,3,8,0,74,62
16,21,9,0,67,70
42,16,19,0,67,59
28,14,5,14,72,73
0,0,10,5,63,93
42,7,2,33,70,91
20,30,0,52,82,100
44,13,0,14,69,75
14,15,0,7,71,76
39,15,0,4,96,43
35,4,0,17,69,81
0,5,1,26,91,78
43,0,8,14,62,92
48,9,0,31,68,100
23,8,0,11,76,67
0,0,1,2,68,75
14,30,0,24,78,81
19,1,1,12,80,66
0,0,7,30,66,100
36,25,17,20,79,81
41,19,0,25,75,86
23,3,0,12,65,83
4,22,0,15,73,81
0,3,2,29,99,83
20,10,0,16,98,65
0,23,0,48,71,100
15,5,1,30,81,81
44,0,8,21,81,74
32,9,0,31,81,83
12,13,3,40,78,97
32,0,12,19,67,83
0,21,0,22,73,86
0,5,0,27,82,87
20,0,6,12,69,82
0,4,0,31,83,92
0,0,2,14,79,80
16,0,4,3,65,70
4,13,0,21,82,85
11,17,0,5,76,68
48,18,0,22,72,80
26,0,5,11,71,76
42,10,0,24,79,75
0,0,15,32,57,100
14,0,1,18,93,70
34,9,7,0,68,65
14,16,10,15,79,71
13,3,0,15,74,77
13,23,0,19,79,82
1,7,2,34,91,81
3,0,6,0,74,66
32,3,0,25,76,79
33,27,0,9,89,50
36,15,1,0,63,48
51,19,0,8,78,65
26,0,2,23,95,74
31,2,3,23,67,100
32,0,3,20,80,76
46,12,11,0,95,56
47,18,11,0,74,53
31,3,0,8,77,86
0,2,2,21,85,88
19,3,6,7,76,66
0,7,1,33,82,87
50,18,0,0,84,64
23,30,16,0,79,60
55,1,0,20,98,70
20,0,2,4,73,69
39,6,0,6,75,83
15,12,2,33,77,87
49,3,0,18,90,100
32,33,0,15,84,57
46,20,0,28,82,72
25,2,7,5,81,61
0,1,3,29,66,100
35,15,0,19,77,74
2,4,0,11,78,78
0,0,6,18,85,91
0,9,0,35,86,92
13,15,6,41,67,100
18,1,3,21,88,71
22,24,23,0,76,58
35,13,7,0,80,58
30,11,0,19,78,77
54,11,0,26,75,94
20,12,0,4,72,69
32,18,0,4,90,58
11,0,1,23,61,96
45,0,10,16,78,76
39,7,1,32,88,81
47,13,0,10,88,76
0,1,2,28,78,88
0,0,1,0,69,67
0,0,0,1,86,66
45,13,0,31,76,100
36,5,0,8,72,76
0,0,3,8,74,76
26,13,0,20,82,76
7,0,9,5,67,70
0,26,0,15,75,75
30,12,0,16,74,74
0,7,0,23,77,86
4,5,0,3,66,73
53,8,0,9,81,70
6,26,0,51,48,100
4,12,0,32,92,81
40,6,0,29,83,75
0,0,11,18,74,79
20,10,0,35,71,97
54,0,9,10,71,77
0,20,0,52,52,100
0,1,4,25,83,80
27,7,0,28,72,96
49,3,0,21,79,72
0,23,0,47,80,94
0,0,1,15,95,75
8,1,0,11,73,71
9,0,4,17,77,76
0,0,5,23,65,100
31,10,0,25,86,73
18,24,0,10,76,79
18,1,0,16,82,73
68,21,0,38,93,76
36,10,0,30,89,74
0,0,0,21,77,86
5,0,4,12,64,83
28,17,0,14,89,71
9,10,0,15,70,78
28,13,0,31,64,98
37,16,0,15,75,80
0,24,0,18,75,81
35,0,5,10,79,72
0,20,0,46,75,100
19,3,0,4,89,61
54,0,8,24,81,100
2,24,0,12,64,81
11,17,6,41,74,98
0,7,0,35,73,99
0,0,4,29,80,97
0,7,1,32,95,80
21,10,1,0,71,77
43,34,0,18,92,66
4,1,1,20,86,74
47,12,0,0,100,55
8,8,2,24,65,99
0,2,0,33,68,100
23,0,6,17,67,85
63,7,0,6,80,67
33,17,4,0,66,57
41,0,2,10,73,73
33,15,7,0,76,64
9,22,0,12,74,74
13,4,1,0,65,72
2,6,3,25,95,78
47,0,3,1,65,72
22,12,13,5,67,72
15,0,17,28,71,89
29,7,0,10,94,64
50,24,6,0,77,61
31,7,0,30,87,80
7,9,0,16,68,84
0,15,0,17,70,79
34,5,7,0,80,60
24,4,0,16,84,67
32,2,3,28,81,76
0,17,0,47,67,100
25,9,0,16,72,91
21,10,30,12,79,75
29,2,3,26,88,73
17,10,3,11,77,73
32,1,0,5,65,80
30,0,10,14,83,69
33,23,8,0,62,60
12,18,1,0,83,67
0,15,0,36,88,89
42,15,40,28,88,58
29,5,0,8,80,89
0,12,0,41,80,99
24,11,0,20,70,88
5,0,7,8,80,73
0,16,0,19,84,74
7,6,0,24,79,78
43,3,0,17,80,93
13,7,0,20,82,72
0,5,3,29,83,93
49,28,0,6,100,52
13,13,0,14,76,74
34,17,9,0,58,60
0,26,0,48,88,90
0,26,0,51,79,100
0,8,0,37,79,98
18,17,2,40,75,96
58,14,7,42,67,100
0,25,1,47,77,100
0,4,0,32,66,100
53,10,4,28,90,74
14,1,0,12,95,69
36,8,0,20,100,68
0,32,0,23,78,79
25,6,0,11,80,67
12,0,7,16,76,79
0,1,3,31,77,96
27,20,6,44,75,99
10,5,0,4,71,76
0,0,2,24,90,78
0,15,2,41,84,96
0,16,0,41,63,100
52,16,5,0,83,63
0,0,7,27,83,81
0,0,4,23,82,84
6,9,0,16,76,78
0,17,0,19,84,78
0,0,7,13,86,75
42,12,0,19,66,83
47,20,3,0,88,44
62,26,0,16,79,73
25,21,0,3,81,55
67,0,1,15,75,74
39,4,0,6,84,62
35,12,2,31,83,79
21,13,9,11,91,66
63,0,7,2,77,63
5,3,0,6,81,77
26,12,0,21,71,81
22,2,0,1,66,68
0,20,0,5,82,68
13,0,6,15,65,82
0,3,0,27,80,82
0,0,4,14,83,74
25,18,0,30,71,81
53,30,0,7,70,58
26,14,10,0,59,68
0,4,3,30,79,91
24,21,1,7,82,42
8,17,0,0,70,69
39,11,5,30,90,77
12,15,0,14,75,74
0,13,1,35,90,81
0,27,0,15,80,78
13,2,2,26,81,82
0,11,1,42,69,100
6,18,0,43,79,97
9,0,1,8,67,79
0,14,0,42,81,93
35,6,0,30,84,81
0,13,0,11,88,69
0,0,8,18,82,87
49,32,0,20,90,69
26,18,18,6,80,61
32,0,4,21,58,100
0,5,5,32,66,100
0,0,5,17,81,87
8,4,4,6,68,74
1,4,0,34,73,97
20,0,4,14,70,82
24,22,2,42,88,91
0,27,0,48,90,92
13,4,19,11,67,78
23,4,2,15,70,82
27,15,0,39,82,89
0,6,11,0,67,73
9,1,3,5,88,65
19,0,6,13,76,81
0,29,0,54,83,100
39,15,4,12,60,84
3,4,1,2,74,71
0,28,0,54,79,100
24,19,10,12,72,64
18,11,8,0,74,67
0,10,0,36,77,97
10,28,23,13,61,88
0,30,0,51,83,96
9,8,0,17,74,78
13,9,0,23,78,76
28,14,18,18,77,67
29,27,0,43,97,72
19,9,13,19,78,75
0,0,11,34,74,100
41,25,0,38,93,75
28,1,6,9,69,86
16,3,0,4,86,59
10,14,0,3,68,72
53,5,24,15,85,67
0,3,8,0,91,62
11,0,5,10,64,84
0,9,1,39,75,99
9,13,0,19,74,84
2,14,0,26,76,86
25,0,12,14,70,81
24,14,5,17,61,99
18,0,15,3,75,72
0,11,0,38,75,91
1,0,3,1,61,66
48,7,2,38,81,100
11,10,0,31,72,98
29,6,17,0,78,62
14,16,18,18,77,74
7,0,20,4,77,77
0,4,0,27,75,94
38,12,0,2,67,67
38,0,11,24,70,86
15,20,0,34,85,79
1,0,10,2,66,77
24,5,9,25,64,92
0,2,1,7,82,68
32,18,6,17,76,73
28,7,26,16,88,69
2,7,1,37,75,95
42,6,15,0,75,66
0,9,6,38,73,100
43,19,3,47,72,100
3,10,1,33,51,100
0,0,18,21,87,85
58,1,0,4,64,71
0,0,21,27,80,95
8,0,6,2,73,65
0,7,0,29,76,93
13,17,0,17,66,86
41,16,21,14,84,69
0,0,7,21,74,87
0,18,0,42,82,91
13,11,5,0,75,65
0,9,4,41,62,100
24,4,22,16,78,75
8,0,19,14,68,79
13,1,0,7,77,68
26,9,18,15,84,74
36,0,12,17,69,82
39,22,4,0,74,60
23,8,11,20,72,86
23,8,0,33,86,74
14,23,14,21,69,74
34,7,20,0,71,66
0,1,11,0,79,66
0,1,5,0,83,70
25,10,0,1,70,66
13,7,1,13,78,71
28,1,23,15,79,68
38,16,9,24,88,74
0,0,14,26,59,100
0,0,5,27,86,83
14,10,3,4,67,72
45,18,0,36,72,83
20,18,0,22,76,79
34,10,0,8,69,68
26,5,2,30,91,77
44,13,0,11,64,83
1,6,1,13,82,71
0,0,2,28,83,88
19,1,4,12,65,81
0,1,0,10,81,74
15,22,0,16,72,67
32,23,5,11,68,92
0,0,14,22,84,79
0,3,0,8,80,70
14,6,0,10,78,75
0,1,2,28,78,91
0,0,7,1,83,68
0,10,3,38,68,100
0,19,0,46,72,100
17,25,15,14,78,73
31,9,14,19,89,67
39,11,19,21,97,68
0,24,0,51,66,100
0,0,9,23,85,85
38,1,16,17,85,70
0,7,5,0,71,69
0,11,0,39,68,100
0,0,14,24,85,90
6,5,0,24,81,78
37,18,0,35,97,69
29,0,14,5,69,71
34,9,2,0,87,60
3,4,14,22,68,87
0,11,5,43,88,100
34,8,0,5,63,72
21,0,13,12,68,76
4,5,7,0,68,75
0,0,4,25,87,80
2,0,8,15,85,71
17,4,8,12,73,73
11,1,1,3,72,72
26,11,0,12,71,74
12,0,15,14,60,90
0,7,8,0,68,88
0,9,0,6,63,81
0,0,13,16,67,99
0,2,11,33,89,97
20,9,0,28,100,67
16,1,8,11,68,90
26,2,22,11,80,71
26,19,9,47,73,100
3,12,17,19,72,80
4,7,0,5,74,71
4,0,4,25,84,76
0,18,1,42,75,100
0,0,12,25,75,94
11,2,0,8,65,77
20,21,0,33,79,76
0,8,4,41,69,100
0,0,4,19,85,82
22,15,38,0,71,74
0,1,17,19,68,90
59,2,0,23,49,100
27,4,0,10,70,81
0,24,0,50,81,100
26,5,23,21,88,74
13,7,6,0,73,67
13,13,12,12,79,77
0,0,7,15,84,75
0,4,0,16,88,74
33,16,17,14,76,71
0,20,0,44,70,100
1,2,0,6,72,73
13,12,5,9,69,73
6,0,3,19,67,91
13,0,8,9,68,86
18,8,20,1,82,68
33,16,17,0,75,71
0,0,17,29,94,100
14,0,7,12,78,80
0,1,0,22,79,82
21,3,1,6,74,64
46,7,17,16,85,73
0,0,8,12,77,77
29,18,0,28,71,77
4,0,0,1,65,66
11,19,11,17,75,81
0,0,4,21,87,79
23,17,0,24,86,71
47,0,0,18,66,98
38,7,0,24,67,96
0,12,4,39,64,100
33,2,6,21,70,80
5,6,8,0,63,76
63,3,0,7,67,80
0,0,7,22,81,79
42,11,0,10,92,49
50,1,0,17,71,81
0,14,0,4,69,75
16,3,4,13,72,74
0,9,1,34,69,100
27,16,10,12,72,66
0,12,4,37,78,88
26,20,26,0,80,69
23,23,0,40,80,88
37,0,19,16,82,65
0,9,4,6,64,79
2,4,2,33,70,100
0,0,8,22,70,100
16,12,15,11,71,71
0,2,6,32,86,95
19,8,21,0,80,64
33,15,0,19,64,90
23,12,0,22,82,70
28,11,5,3,75,63
0,12,0,36,88,83
48,0,4,21,68,91
0,3,0,20,80,82
0,0,19,32,96,100
17,25,0,38,92,71
0,24,0,47,82,97
0,10,1,37,80,90
7,0,20,10,77,77
7,0,5,21,51,100
0,3,1,29,64,100
14,0,19,5,71,70
20,0,31,22,86,64
45,3,16,23,82,69
2,7,0,6,79,70
38,10,10,24,85,72
29,0,7,16,76,74
31,1,0,16,75,77
0,22,0,43,90,86
8,22,14,11,62,88
0,0,2,26,70,97
0,17,0,28,62,100
0,4,1,32,74,94
0,1,6,31,69,100
0,14,0,35,96,78
35,1,25,13,69,86
0,4,7,0,69,94
14,5,23,13,77,74
22,0,0,22,69,87
2,7,0,34,66,99
0,0,0,14,75,84
7,8,9,0,79,66
47,3,0,23,68,94
29,3,0,24,73,87
0,0,8,25,92,88
0,0,20,26,87,82
21,2,17,21,89,61
23,18,0,32,75,78
0,21,3,46,66,100
3,2,13,6,74,72
0,2,5,30,92,86
0,4,0,9,89,68
24,0,5,8,74,72
15,20,7,19,75,79
0,15,0,38,84,95
1,9,7,39,61,100
45,15,12,8,75,75
11,12,0,5,77,68
0,5,16,19,69,86
3,4,0,8,58,80
16,9,0,3,56,79
54,0,11,24,70,96
0,11,2,35,68,100
9,4,0,23,80,87
0,4,0,25,88,76
0,18,8,19,68,94
0,20,0,46,92,97
27,0,4,20,70,88
24,0,1,9,85,68
6,10,9,0,73,66
0,0,8,31,77,100
0,7,2,33,57,100
41,31,0,36,100,69
0,13,0,40,86,93
46,0,11,26,73,89
2,0,4,12,82,70
14,0,1,5,56,69
41,6,16,19,84,66
0,7,0,20,93,73
0,0,14,31,83,95
16,19,8,11,67,78
46,16,0,35,78,77
0,0,3,27,70,97
0,3,0,17,76,87
12,16,5,22,68,79
15,6,0,17,82,82
21,10,0,1,78,62
22,12,0,26,83,69
39,16,0,1,76,57
33,9,8,8,79,73
0,0,11,18,72,87
0,21,1,46,75,100
0,0,14,26,89,81
0,0,11,14,79,77
26,16,0,10,60,74
0,1,0,13,76,82
19,0,11,1,80,70
13,20,14,21,71,82
0,3,4,31,53,100
15,3,19,23,67,86
44,0,1,17,65,88
0,8,1,32,85,82
37,11,0,3,74,68
2,0,1,1,70,79
0,6,2,32,62,100
41,0,6,26,72,94
8,3,6,9,78,72
0,5,5,36,74,99
42,0,23,13,83,64
25,6,20,16,81,72
5,12,9,13,68,83
7,7,0,5,72,72
1,16,17,14,69,85
16,0,18,10,75,75
0,8,7,35,63,100
0,28,0,49,93,89
0,0,7,19,77,85
15,22,15,20,74,81
6,3,3,1,61,76
23,17,0,31,79,79
18,20,12,0,92,64
0,0,15,29,85,87
0,9,4,35,90,85
46,14,18,22,88,71
15,21,3,44,78,95
0,6,0,31,74,99
0,2,3,29,75,97
30,7,0,12,83,65
0,5,0,36,81,91
34,13,20,23,76,73
15,10,16,3,73,65
0,0,3,14,63,88
0,32,0,55,87,97
0,0,13,34,88,100
45,0,2,28,74,100
37,18,5,9,65,64
38,15,0,7,69,60
0,0,17,27,82,99
14,12,26,8,69,71
0,2,0,8,62,82
0,21,0,34,74,88
35,13,13,9,76,70
5,11,0,13,78,74
0,38,0,61,73,100
27,0,9,15,77,75
16,16,7,12,65,83
10,5,0,16,81,74
0,9,2,39,88,96
16,6,0,3,86,64
21,2,2,0,76,67
23,19,0,31,90,66
0,0,11,29,82,85
23,0,2,13,66,84
49,13,0,29,76,77
16,0,7,12,59,87
5,0,3,11,75,76
17,3,10,0,90,82
0,27,0,53,82,100
0,12,0,41,86,96
3,0,1,18,77,80
41,7,19,15,85,65
0,17,1,44,85,99
0,6,0,25,64,100
58,13,4,0,65,70
31,5,12,16,68,88
25,2,1,4,74,78
10,7,0,4,81,67
0,3,3,32,77,89
31,21,16,13,69,70
0,0,7,22,71,91
2,2,10,15,72,79
1,2,0,9,63,87
49,1,0,22,72,88
0,11,6,35,74,96
16,9,14,0,75,64
35,9,17,38,76,92
50,13,7,42,84,75
30,17,5,40,86,77
0,13,0,43,83,95
5,34,0,59,90,100
47,4,13,28,86,75
11,14,0,39,92,82
20,19,13,50,82,81
0,27,0,41,84,79
26,15,2,42,79,85
8,13,13,46,77,96
20,17,0,47,85,72
38,12,1,33,94,79
52,15,12,45,91,70
2,0,28,38,78,100
37,9,3,38,84,87
21,11,13,43,75,94
46,13,12,36,83,79
19,26,0,52,73,100
36,16,1,44,90,73
44,14,0,38,80,85
46,12,6,36,96,76
52,10,16,48,80,75
0,25,4,45,82,80
34,13,14,49,79,72
23,19,7,50,76,98
39,16,1,43,81,77
11,16,11,50,84,96
13,15,19,47,78,87
33,10,7,42,78,86
5,22,0,44,85,77
22,17,7,37,83,78
0,15,7,45,83,90
40,23,0,47,84,83
17,12,0,40,82,90
18,22,16,55,78,81
35,9,7,34,98,72
0,20,0,42,83,93
22,17,9,44,75,82
12,22,5,46,86,86
44,16,3,44,83,77
12,30,0,54,76,98
12,10,6,43,82,84
49,9,22,40,86,96
26,11,5,37,89,82
42,10,14,39,79,79
15,23,0,47,90,85
15,7,11,35,72,89
22,28,0,56,77,99
0,34,0,56,90,98
52,11,5,35,96,79
19,12,4,42,74,80
45,20,0,44,79,93
10,14,0,40,86,78
29,9,17,38,89,73
62,21,0,52,77,83
19,9,7,38,81,79
9,18,11,48,86,81
0,21,10,48,84,78
20,26,0,49,82,87
0,10,15,38,69,97
13,24,1,51,84,80
22,10,10,39,98,80
59,28,0,48,85,79
57,13,0,39,82,88
58,14,1,42,94,74
50,10,4,38,91,74
25,24,0,45,85,89
0,16,16,41,78,99
66,2,9,24,100,69
25,21,11,48,79,78
0,35,0,49,83,89
20,22,0,43,84,83
62,4,12,25,86,79
5,29,0,50,85,93
19,22,4,44,71,99
32,22,0,47,89,93
25,16,6,43,91,75
42,3,19,32,98,72
15,13,10,42,90,74
75,10,0,36,86,78
58,11,11,40,83,77
9,19,11,50,78,87
48,18,9,49,80,99
45,26,3,55,87,96
10,13,8,43,76,87
3,30,0,52,87,100
0,40,0,63,92,100
0,22,0,39,91,83
0,28,0,52,79,99
23,12,3,37,88,84
75,9,4,35,80,81
4,25,6,44,80,91
32,18,3,43,87,75
51,12,7,39,100,73
46,7,5,32,88,67
0,27,0,42,96,88
11,16,9,36,85,95
4,13,4,46,77,98
25,27,0,51,75,100
41,17,9,46,81,75
25,7,3,33,89,78
21,9,0,35,83,86
34,9,17,39,78,81
38,11,20,41,78,79
49,31,0,50,84,98
0,23,0,45,92,88
53,13,0,39,92,86
47,18,4,34,74,88
41,5,15,31,85,73
17,20,3,39,85,82
23,14,5,44,67,100
5,21,0,43,88,80
46,12,3,36,84,83
0,22,0,42,80,83
55,19,0,42,79,81
61,12,14,40,74,79
0,25,0,43,82,91
46,7,6,31,99,72
2,24,0,49,96,91
0,14,8,44,85,87
23,28,0,51,84,93
0,22,1,39,67,100
30,14,16,43,83,86
26,10,12,40,87,83
6,13,2,38,85,83
16,7,10,34,88,82
19,15,14,39,87,77
39,17,2,45,92,77
0,20,1,44,75,99
64,11,0,36,83,76
42,10,5,34,87,76
39,11,17,39,83,78
0,14,5,43,77,96
17,10,9,36,91,75
35,10,7,43,92,75
31,11,10,41,85,80
0,27,0,47,83,88
48,11,8,35,100,77
0,14,6,44,86,81
0,22,0,43,90,88
0,15,3,39,80,89
49,30,0,49,85,81
28,9,18,40,77,85
0,21,0,39,85,89
53,15,10,44,92,71
20,9,2,41,80,95
4,15,5,41,84,79
17,15,18,44,71,85
26,16,7,40,85,79
55,13,8,38,82,83
39,4,11,34,96,71
12,15,12,49,69,100
49,12,21,41,95,68
36,13,19,45,90,75
42,19,5,50,90,87
33,18,0,47,93,78
53,14,0,36,93,76
27,8,5,34,82,83
26,18,1,40,81,80
40,7,27,39,88,66
36,26,0,52,87,100
24,15,5,41,81,76
44,13,0,42,81,82
25,21,6,41,79,88
45,6,11,40,77,87
10,17,1,36,87,84
42,15,3,46,87,72
9,23,0,50,83,95
32,29,0,54,88,94
68,11,3,35,90,80
29,14,20,43,78,80
10,14,0,43,78,98
7,18,0,45,90,81
1,12,0,32,90,83
59,13,11,44,73,95
35,21,8,53,87,76
0,15,7,48,91,76
38,13,2,38,79,80
59,21,0,47,86,91
54,11,16,43,77,100
26,20,5,47,80,95
24,6,13,35,83,83
61,14,1,38,91,81
32,14,20,50,80,85
41,19,0,42,82,77
35,11,8,44,73,87
47,7,7,32,86,74
4,21,1,41,85,85
36,19,0,45,86,77
8,35,0,59,77,100
19,23,0,41,93,78
30,9,15,40,74,90
51,3,16,24,83,76
0,21,6,43,84,76
25,19,8,43,79,84
27,16,1,43,81,84
7,19,5,52,84,83
43,29,0,53,77,94
32,27,0,50,90,90
5,22,8,46,84,82
43,26,0,50,82,91
40,18,3,44,83,79
20,15,1,42,84,74
1,35,0,53,72,92
33,14,24,44,90,71
26,17,0,40,88,94
39,16,12,45,94,74
33,20,3,47,87,83
25,33,0,57,85,97
27,19,0,40,86,77
38,4,5,35,96,82
0,21,2,40,82,86
2,27,0,54,91,82
10,6,18,41,73,82
55,5,17,38,72,95
0,19,2,43,86,95
26,11,1,43,94,77
63,10,4,34,92,76
48,7,4,34,79,78
28,25,0,44,81,94
3,16,9,47,74,92
16,5,11,33,89,89
17,13,6,45,80,77
13,21,0,48,89,97
12,10,6,39,88,94
14,20,18,52,76,95
15,18,1,45,74,92
7,36,0,60,78,100
30,17,3,36,88,77
16,15,0,40,85,93
0,24,0,46,88,97
32,15,4,43,85,81
24,15,0,37,91,84
0,17,0,40,90,88
63,27,0,48,78,94
1,12,2,43,66,100
0,24,0,53,80,92
0,14,0,32,88,85
35,26,3,51,72,100
15,19,1,47,87,83
6,26,0,40,82,89
23,19,0,49,82,86
10,18,17,52,77,88
19,20,0,48,89,69
62,6,2,26,100,70
14,12,9,39,89,78
7,31,0,52,96,89
29,13,4,40,82,92
30,14,4,39,87,80
0,19,13,45,84,75
16,12,0,43,89,88
24,17,6,35,93,90
30,17,0,42,78,82
0,4,11,36,86,93
0,15,0,35,100,77
0,21,0,45,83,76
30,26,0,51,84,90
12,9,1,30,80,90
1,20,15,45,85,78
68,21,0,44,77,87
44,12,9,39,80,79
56,21,12,50,71,100
10,10,17,42,72,84
20,18,0,44,87,75
24,27,0,50,86,90
18,14,5,45,82,79
32,30,0,56,72,100
17,23,6,40,84,82
25,23,0,47,92,87
45,8,10,33,85,78
0,15,7,44,83,97
15,36,0,60,86,99
11,19,0,44,89,94
0,19,5,48,82,88
0,33,0,57,93,98
38,26,2,51,69,100
14,27,0,41,75,94
30,21,0,45,86,85
47,9,8,35,84,75
0,29,0,51,90,95
21,12,0,34,93,83
65,7,11,32,78,76
33,16,0,44,85,78
7,17,6,43,94,80
45,12,1,39,91,77
27,17,3,42,83,84
19,25,0,55,92,100
13,17,0,43,90,99
45,16,14,44,76,94
49,18,12,46,78,95
1,10,2,39,85,88
0,19,0,40,85,91
4,9,4,39,90,91
52,8,2,34,84,84
0,16,1,37,88,90
6,32,0,52,88,92
37,2,23,29,89,72
58,17,3,45,100,69
2,11,4,41,78,97
31,18,0,44,88,86
38,16,7,42,89,73
66,15,0,38,89,81
0,16,10,45,76,92
40,16,11,44,82,77
17,15,17,49,64,94
20,15,0,38,92,87
18,8,2,36,98,80
0,37,0,61,78,100
41,13,8,43,82,78
8,14,0,37,92,88
14,9,1,36,77,77
43,14,7,43,84,78
47,8,5,31,87,73
53,17,3,40,98,80
48,19,7,52,86,80
21,12,4,38,86,79
0,25,0,41,90,89
46,10,19,39,78,93
20,11,1,34,91,78
41,17,0,44,80,78
0,15,0,34,88,87
4,19,10,45,93,79
7,19,0,45,89,76
0,21,4,43,88,72
57,15,4,45,82,90
52,9,8,35,79,78
0,21,9,48,82,93
0,18,1,37,89,85
0,25,1,43,78,91
59,14,0,40,94,82
19,13,6,43,81,80
23,9,12,43,71,93
13,17,0,42,88,86
53,8,2,28,80,79
3,13,11,45,86,89
13,17,0,42,90,87
36,5,15,37,80,79
36,3,4,33,87,85
16,21,2,46,87,81
26,23,7,49,84,78
52,13,10,36,94,77
42,8,15,34,94,76
4,25,0,41,89,79
61,13,1,36,88,81
50,4,10,29,96,71
22,10,8,36,89,76
48,19,11,54,63,99
31,17,0,45,84,85
38,1,24,27,84,81
26,9,10,37,84,80
26,9,10,35,84,83
46,8,6,36,90,76
0,13,4,44,83,98
37,16,14,47,81,87
27,23,0,49,85,86
39,5,12,32,79,79
21,17,11,48,77,81
26,20,9,46,82,82
47,6,18,37,91,70
51,8,8,37,77,86
24,14,5,37,88,77
36,3,16,30,78,82
70,9,5,33,87,77
27,9,4,34,100,75
67,9,4,34,93,77
40,25,0,44,84,78
0,35,0,55,84,98
43,14,10,37,78,85
25,11,2,42,79,78
2,33,0,53,82,97
44,26,0,51,86,88
0,32,0,48,90,83
56,12,12,41,87,72
0,28,0,54,79,75
26,8,4,32,93,74
0,20,0,47,79,83
17,12,13,42,78,84
7,18,0,37,89,82
33,16,0,38,89,81
38,14,13,47,82,72
0,35,0,49,84,94
0,25,0,46,86,89
44,5,21,36,75,94
5,9,4,40,73,100
0,18,0,44,92,95
41,9,5,38,79,82
70,12,0,35,94,79
44,17,13,45,82,81
6,20,1,43,85,81
47,5,25,34,80,90
39,14,10,44,82,80
35,3,23,31,84,87
53,13,6,39,92,74
55,2,21,28,80,77
44,13,19,49,72,86
33,12,2,43,77,89
9,23,5,46,96,77
43,19,10,49,83,79
52,6,5,35,76,81
0,20,7,46,90,76
36,13,12,43,70,100
51,19,1,44,80,86
57,20,0,51,82,78
49,4,13,27,100,63
11,14,0,40,82,91
45,4,15,28,92,70
38,24,1,52,84,93
46,16,2,42,96,90
44,16,23,49,84,73
29,29,0,52,87,97
31,11,0,42,87,69
69,20,0,42,80,77
50,17,3,48,89,73
0,37,0,50,80,100
77,10,7,35,83,81
46,18,5,44,76,84
15,29,0,56,77,87
0,9,1,37,87,89
0,5,12,41,72,98
0,22,0,47,92,93
29,14,11,47,88,73
14,27,0,52,86,76
0,21,0,37,89,85
29,12,24,44,83,78
0,18,6,38,82,84
0,22,8,48,78,82
47,6,17,38,73,83
0,36,0,61,82,100
30,0,27,31,79,71
34,18,16,54,87,84
61,14,4,38,85,77
49,6,11,30,86,76
0,20,5,41,82,79
0,35,0,58,89,98
11,20,11,45,82,74
58,16,0,36,86,80
7,20,0,48,85,100
22,14,0,43,86,81
15,20,0,48,83,94
48,8,25,40,75,72
20,25,0,49,88,79
18,14,20,48,64,86
45,13,16,44,85,72
16,20,4,50,87,82
29,29,0,46,76,96
60,29,0,47,89,88
12,20,18,47,73,80
15,18,1,49,87,84
23,8,15,40,87,72
0,20,1,45,84,78
0,21,1,41,85,94
0,26,0,41,86,89
62,5,11,31,100,74
0,16,0,40,91,91
35,7,24,39,77,99
16,22,3,45,83,80
51,13,11,42,79,79
14,17,8,39,76,84
4,11,7,38,87,78
0,19,6,50,90,95
21,21,5,48,87,87
16,12,3,36,95,82
13,37,0,54,72,100
0,26,0,43,86,86
32,12,1,38,88,76
37,9,14,39,85,77
26,16,13,43,77,94
20,40,0,59,79,99
13,22,12,52,81,97
2,9,20,39,75,95
15,8,11,43,73,93
0,17,11,46,94,78
39,9,17,37,83,90
54,9,15,34,86,79
34,14,0,40,87,92
0,37,0,58,87,98
0,18,0,38,88,85
0,19,15,48,83,81
2,15,10,40,83,84
42,17,12,49,90,76
31,10,4,35,90,84
33,27,0,49,92,88
0,22,1,52,94,76
0,27,0,52,91,94
28,12,11,39,81,85
41,17,7,48,98,71
0,22,0,48,71,100
12,39,0,64,91,100
45,14,14,45,80,75
53,16,12,44,73,84
0,26,0,50,85,85
15,14,4,42,79,78
52,16,0,40,98,80
5,12,20,43,70,83
2,23,8,44,86,74
24,10,5,36,77,83
38,13,5,46,91,74
32,9,9,35,94,77
0,13,14,45,78,89
0,18,13,51,78,87
28,10,12,42,75,95
52,9,0,33,80,72
38,8,14,35,90,76
35,13,0,41,80,72
30,14,10,41,83,85
20,32,0,53,91,91
35,14,9,44,80,84
46,12,22,40,89,73
31,14,5,41,81,85
17,16,0,52,77,99
40,19,11,50,87,75
2,19,0,44,87,76
47,10,10,36,85,82
5,36,0,56,87,98
17,11,1,36,85,84
15,20,0,39,91,82
40,13,1,40,80,76
14,11,5,40,96,76
51,0,18,27,86,70
18,24,2,49,73,98
7,6,8,37,87,88
45,2,19,31,81,90
35,16,7,47,78,91
14,25,0,51,82,74
38,9,9,35,99,78
37,18,9,45,75,83
5,26,0,44,76,98
34,12,9,42,82,77
0,15,2,41,94,80
34,19,0,48,89,80
36,14,10,41,77,83
19,17,3,46,71,89
41,5,9,34,78,83
43,19,0,36,93,74
0,17,4,41,77,100
0,21,6,44,83,78
46,20,0,44,92,83
9,30,0,52,80,100
0,22,8,47,85,94
20,8,2,31,89,75
37,17,1,45,96,79
0,19,3,50,75,95
0,16,0,40,83,93
12,15,17,45,80,73
9,17,7,45,82,81
55,1,24,31,88,70
0,22,7,41,88,77
16,25,0,49,87,94
9,21,0,46,88,76
17,10,12,38,91,77
11,24,0,54,80,89
0,31,0,56,85,74
0,21,9,50,82,92
18,20,5,46,78,85
39,13,2,38,96,79
0,21,1,46,82,84
0,16,13,48,82,88
50,6,18,36,77,91
59,14,7,44,88,70
17,16,1,37,81,91
0,27,0,43,89,97
19,14,2,37,86,80
6,28,0,52,97,79
0,20,6,46,82,81
52,11,11,42,81,72
26,37,0,59,80,98
43,11,3,37,99,77
0,39,0,63,78,100
45,14,2,43,84,98
24,19,13,47,78,91
35,14,0,41,90,74
27,21,3,47,86,95
8,30,0,54,81,94
16,16,0,42,100,80
35,12,11,44,86,84
34,19,0,48,74,86
1,15,1,44,80,93
32,18,0,44,82,92
2,17,0,46,94,95
8,36,0,60,81,100
23,10,15,44,73,93
11,8,2,29,91,79
13,21,5,51,87,86
12,10,12,39,97,87
40,6,19,35,96,72
16,31,0,43,78,95
59,13,5,36,86,75
0,7,12,39,86,93
41,15,12,41,91,71
65,6,7,24,100,68
11,16,10,40,93,81
24,14,0,41,92,83
17,29,0,55,88,99
0,17,20,45,85,80
10,21,9,47,85,78
0,17,3,46,83,92
69,7,6,35,76,83
30,23,0,47,82,84
54,7,8,30,100,72
6,20,4,46,87,81
14,33,0,50,81,97
38,10,19,35,88,82
0,23,7,50,77,87
27,5,4,36,84,90
42,20,4,41,81,85
36,27,0,49,90,88
58,7,5,30,88,82
28,18,2,43,83,86
0,16,0,44,92,89
23,25,0,45,89,88
60,8,17,36,82,87
26,6,12,35,88,89
42,7,22,37,81,76
32,24,0,54,82,89
30,19,0,48,83,81
0,9,12,37,84,81
28,18,0,48,82,77
51,4,24,33,77,78
0,8,8,31,78,86
0,22,0,45,95,91
41,9,23,40,80,76
0,18,19,47,75,83
28,20,0,45,88,74
21,29,0,53,81,100
19,17,1,37,91,88
32,14,0,40,86,85
40,15,0,41,81,80
29,24,0,40,76,90
2,15,0,44,73,100
31,14,5,40,82,87
64,5,1,28,77,79
0,14,0,37,86,89
11,32,0,51,82,89
42,23,0,43,84,87
37,14,16,46,81,84
32,5,7,33,82,70
30,15,16,46,85,78
67,1,20,26,76,74
45,0,25,33,87,67
41,26,0,48,80,97
27,12,0,40,97,79
33,13,2,38,100,73
28,9,5,36,90,80
38,11,8,34,85,75
0,28,1,39,87,88
0,5,15,34,95,85
24,18,8,47,99,70
36,10,2,38,79,75
31,22,0,50,81,100
35,18,8,44,90,79
29,19,5,49,83,97
28,8,13,38,74,87
55,12,14,42,76,79
58,10,0,35,84,84
30,18,5,44,80,77
0,35,0,55,82,100
12,19,14,47,90,70
44,14,2,40,86,85
51,16,0,40,85,90
39,6,18,31,84,77
0,19,3,46,79,89
40,27,0,48,80,89
32,10,7,36,82,85
28,18,12,49,74,74
4,15,12,49,77,95
46,18,9,47,89,78
4,25,0,53,81,75
41,14,4,44,86,78
15,33,0,57,87,99
20,15,14,44,77,94
34,11,13,38,85,82
1,18,0,51,85,100
31,18,17,48,70,75
57,23,0,49,76,95
55,9,3,35,89,81
30,8,20,38,74,87
41,8,19,38,84,82
0,35,0,56,76,100
38,26,15,55,65,100
0,18,13,49,82,90
12,15,15,42,91,77
17,13,20,44,81,75
0,29,0,47,89,85
32,10,19,38,75,84
21,15,11,47,85,71
54,0,22,21,87,71
52,8,7,29,87,75
0,30,0,47,94,83
37,15,8,44,80,83
51,17,0,43,100,80
0,19,1,47,92,83
0,32,0,53,87,94
17,17,6,46,82,86
0,26,0,46,89,87
26,15,24,47,83,69
24,10,18,39,78,83
36,5,18,33,84,70
21,3,28,37,90,67
17,7,19,41,86,70
6,30,0,51,75,100
14,10,3,41,85,96
14,26,0,53,90,84
57,9,3,30,100,71
38,7,3,39,86,94
9,14,3,44,84,78
27,16,10,45,76,94
43,11,1,38,84,87
44,9,4,32,86,73
48,17,15,48,86,79
64,10,4,33,88,78
0,28,9,52,78,100
20,26,0,49,88,92
0,25,0,45,97,86
25,13,0,39,96,73
54,8,8,30,89,75
22,12,19,42,86,72
34,11,5,37,95,83
6,12,4,42,91,90
33,19,6,47,84,76
25,7,22,42,81,77
4,11,12,42,73,100
48,21,0,42,92,83
0,26,0,41,87,87
16,28,5,48,81,89
50,15,7,47,70,97
27,18,9,51,77,92
21,15,18,41,86,72
47,12,7,38,85,78
32,16,7,42,78,87
27,8,21,35,89,76
25,16,0,41,77,84
13,8,19,36,80,88
24,16,9,39,83,81
13,18,7,49,85,74
39,7,16,36,80,85
54,11,14,37,88,82
40,6,0,29,92,85
0,31,0,49,86,86
41,11,5,38,77,78
34,11,2,39,84,78
34,19,5,49,78,87
71,12,5,38,92,86
0,21,0,49,85,82
35,20,14,49,78,78
36,12,17,44,83,81
13,20,12,53,90,74
22,18,22,49,77,74
26,14,0,39,94,89
27,29,0,53,91,100
31,9,25,39,87,69
0,24,15,50,77,100
0,24,0,44,92,83
44,10,9,40,81,76
39,15,14,44,82,86
14,11,0,34,90,78
32,22,0,48,86,96
0,31,0,50,91,90
29,20,15,51,74,99
13,17,0,38,85,83
36,26,5,55,81,97
0,25,0,48,86,92
16,7,26,40,86,71
51,6,0,22,87,79
0,24,0,43,100,81
0,27,0,45,98,84
38,24,0,46,91,87
20,12,1,40,87,94
52,13,0,37,87,84
19,30,0,51,84,93
0,22,0,48,84,98
10,11,7,41,86,81
44,12,15,41,79,88
11,21,0,49,87,88
44,12,14,41,89,75
0,21,0,42,83,88
47,11,7,38,85,73
13,19,11,50,78,83
23,4,17,35,81,74
0,28,0,42,87,82
44,15,11,45,83,75
58,1,13,21,94,71
0,25,0,44,88,83
35,7,22,36,75,85
32,30,0,55,94,94
33,30,0,53,80,100
0,21,15,49,79,84
0,25,0,52,81,100
52,26,0,50,89,96
38,9,15,44,73,97
16,13,9,46,72,97
7,16,12,48,80,92
35,8,11,37,75,83
15,17,13,48,82,85
46,10,6,39,85,70
29,19,0,45,90,80
44,12,3,38,78,86
48,11,0,35,88,77
35,17,0,40,87,85
0,25,9,49,73,100
0,17,13,49,79,90
61,18,16,46,79,93
26,16,16,46,81,75
16,19,3,49,81,80
22,15,13,42,85,79
55,8,9,28,93,72
2,15,23,50,78,85
39,6,18,34,76,81
16,15,14,46,78,76
24,26,2,54,70,100
24,25,0,48,80,93
28,27,0,51,89,92
32,11,17,38,77,90
38,0,6,20,100,69
19,17,0,42,97,73
41,10,5,35,90,75
29,20,4,49,88,74
3,28,0,49,90,90
20,18,0,44,85,93
19,23,15,53,72,100
20,23,0,50,80,100
0,20,1,45,86,83
15,32,0,49,81,81
0,26,0,53,87,97
23,16,1,40,88,81
38,15,12,42,85,86
64,13,5,41,86,87
3,30,0,56,94,100
30,22,0,46,88,88
2,19,16,49,75,93
0,20,1,42,92,75
0,33,0,52,86,95
12,22,17,51,67,100
33,11,13,40,75,86
0,24,0,47,82,93
34,13,7,36,85,76
25,9,12,42,84,71
0,22,6,56,80,96
6,3,26,35,78,70
38,6,28,39,78,70
33,20,0,48,82,100
2,21,7,51,83,82
36,4,25,27,84,75
0,29,0,51,84,98
0,14,5,47,81,90
0,16,0,42,86,86
41,6,1,30,94,79
38,18,11,49,85,77
14,15,16,45,73,95
2,26,0,43,96,81
22,11,17,42,86,74
1,18,0,44,90,89
23,17,0,39,81,91
26,28,2,49,82,76
20,30,0,50,78,84
11,24,0,50,88,88
53,22,0,45,96,85
37,16,0,45,90,90
46,15,15,46,85,72
19,27,0,48,60,100
11,28,0,52,91,92
13,12,20,42,95,71
37,18,15,50,76,95
38,11,6,37,85,84
0,26,0,42,90,76
0,21,12,50,79,95
51,4,19,29,82,79
35,16,0,42,93,85
0,31,0,51,86,91
0,17,9,47,80,95
34,13,0,37,87,93
34,11,1,37,87,75
55,9,8,31,85,75
51,10,0,37,93,69
1,19,4,49,84,80
63,23,0,50,79,100
65,8,6,29,90,75
44,14,13,43,92,91
50,12,9,38,80,83
15,10,3,37,80,77
45,4,5,27,79,83
36,16,0,41,80,92
49,11,0,35,85,85
15,26,0,47,83,78
21,15,16,45,79,72
3,22,12,45,76,98
6,27,0,50,90,91
0,16,11,48,79,87
34,6,13,29,87,78
25,16,18,42,86,81
28,16,10,48,81,73
42,10,8,34,93,71
45,17,8,40,84,79
53,8,4,31,90,77
38,11,25,44,95,65
1,26,0,53,90,77
38,9,13,34,85,81
0,25,5,53,67,100
52,17,8,45,83,80
21,21,14,54,84,79
38,20,0,48,71,100
0,28,0,48,88,89
0,33,0,59,85,100
31,13,15,48,81,78
12,14,0,40,77,85
51,10,11,39,87,72
20,23,7,51,76,95
0,27,0,48,89,77
15,16,0,43,87,82
32,11,15,42,84,89
32,7,3,30,84,75
32,6,3,35,83,93
46,20,0,46,76,98
52,7,12,30,89,73
51,14,12,40,86,81
52,20,2,46,81,89
41,7,14,38,84,76
15,15,17,41,75,79
54,12,14,39,84,79
16,14,13,48,85,73
44,5,17,29,80,84
29,13,11,47,82,78
29,21,0,44,81,95
11,26,0,54,68,100
26,25,0,50,92,94
36,17,17,43,83,76
7,32,0,56,95,95
0,18,0,47,87,96
26,9,1,34,85,78
27,17,0,41,82,89
18,15,15,49,75,93
34,5,15,36,71,80
0,31,0,52,89,93
17,28,0,53,77,93
52,8,10,34,97,70
42,15,12,39,90,84
33,15,9,41,75,91
0,31,0,46,84,85
2,29,0,49,84,96
47,18,0,42,81,93
8,16,13,49,82,76
22,20,8,47,70,100
44,5,12,30,86,75
21,16,6,47,73,99
0,25,0,47,77,79
22,15,12,47,80,81
32,15,19,47,87,69
25,10,16,35,85,77
30,9,10,38,91,77
27,17,5,50,81,91
36,5,19,35,73,78
19,22,0,45,79,92
66,0,6,23,89,69
12,21,0,51,82,88
49,20,0,44,79,85
64,8,3,31,89,74
0,30,0,54,65,100
30,10,16,41,88,71
17,24,3,51,74,98
0,30,0,52,84,98
37,25,0,51,94,93
33,7,1,31,87,79
24,17,10,43,78,89
0,31,0,57,86,100
15,28,0,51,90,92
1,15,12,44,90,90
2,13,0,39,85,79
24,31,0,57,92,99
54,1,13,23,88,68
42,3,18,26,86,72
20,17,14,49,80,84
45,11,16,35,84,73
30,18,12,46,75,99
40,10,10,36,81,86
0,19,0,40,86,88
23,23,0,44,96,86
32,12,10,41,78,88
5,23,0,51,90,84
5,29,0,48,85,78
30,14,10,39,84,79
43,11,15,38,75,87
0,21,8,56,73,95
1,23,5,50,83,93
4,19,0,42,88,78
0,29,0,54,88,99
10,17,9,46,78,86
30,13,13,39,84,86
26,17,0,41,93,78
47,11,18,39,87,75
1,17,13,49,82,79
0,30,0,53,85,98
100,0,20,16,100,74
54,28,21,0,100,43
60,33,10,0,100,39
100,8,55,0,99,68
97,22,13,0,100,58
100,19,39,0,100,55
72,20,7,0,100,57
32,9,3,0,100,48
39,16,55,0,100,52
100,1,21,0,100,53
73,45,0,8,98,59
85,21,37,0,100,54
100,0,27,15,77,76
100,0,30,6,98,73
84,0,27,12,100,72
100,8,25,0,100,54
86,16,35,0,100,52
65,24,46,0,100,48
84,32,4,0,100,60
98,5,22,0,100,52
100,0,19,0,100,54
100,0,28,14,100,70
78,27,0,0,100,58
91,17,47,0,100,58
100,12,25,0,100,52
100,19,48,0,100,64
100,2,20,0,100,55
100,0,40,21,92,77
85,30,23,0,100,39
65,20,1,0,100,56
100,8,24,0,100,67
100,10,18,0,100,57
100,8,27,0,100,52
92,7,13,0,100,57
100,0,47,5,100,66
100,0,51,0,100,69
38,22,8,0,76,65
100,24,0,0,100,60
100,7,21,0,100,53
100,6,24,0,100,57
100,1,12,0,100,58
80,9,22,0,100,52
33,10,25,0,100,48
51,17,7,0,100,49
100,7,23,0,100,57
100,0,25,12,100,66
76,13,29,0,100,48
84,7,19,0,100,55
99,33,28,0,100,40
100,4,25,0,100,55
100,0,39,6,95,74
64,16,9,0,100,47
100,18,28,0,100,45
100,0,24,18,100,70
93,21,10,0,100,52
68,31,11,0,100,41
55,19,0,0,89,65
100,0,24,11,100,64
100,39,0,10,100,57
100,17,8,0,100,55
100,12,24,0,100,64
66,1,26,0,100,53
57,0,5,4,94,69
82,10,0,2,97,67
100,0,12,5,100,56
100,0,10,6,94,71
100,7,19,0,100,54
94,20,19,0,100,46
64,31,39,0,100,38
89,14,12,0,100,46
100,11,25,0,100,61
91,5,29,0,100,51
100,14,43,0,100,61
100,7,43,0,100,60
66,0,8,0,100,53
99,0,24,11,97,74
100,0,8,0,100,56
100,5,25,0,100,59
100,25,20,0,100,51
78,24,23,0,100,47
91,27,5,0,98,60
69,20,15,0,100,58
97,22,4,0,100,56
81,31,0,15,100,52
100,1,14,0,97,70
100,1,7,0,100,57
73,19,47,0,100,51
62,18,22,0,100,51
16,28,0,11,100,39
100,0,17,5,100,60
100,0,35,11,100,68
100,15,49,0,100,62
100,0,46,15,100,76
100,0,31,4,100,65
75,26,13,0,100,37
52,17,20,0,100,44
95,3,26,0,85,71
100,14,30,0,100,57
100,10,42,0,100,58
57,0,5,2,100,58
100,2,9,0,100,56
34,10,60,0,100,64
100,2,25,0,100,53
99,14,27,0,100,52
98,34,10,0,100,42
97,31,36,0,100,44
54,15,23,0,100,48
100,10,22,0,100,51
52,0,16,1,100,49
100,9,35,0,100,60
100,0,12,10,100,75
100,2,33,0,100,65
100,4,15,0,91,71
93,9,0,8,93,71
79,6,31,0,100,52
100,0,30,19,100,70
70,19,0,3,100,52
100,0,25,5,100,64
100,7,27,0,100,61
73,14,12,0,100,49
86,0,21,17,71,79
100,4,27,0,100,58
100,0,27,15,100,67
100,0,17,7,100,58
100,0,20,26,100,72
64,15,3,0,100,49
100,38,0,9,100,51
100,0,15,22,100,70
100,0,24,15,100,68
48,10,16,0,100,46
97,13,10,0,100,68
100,0,11,0,100,57
66,12,25,0,100,55
45,16,23,0,100,51
78,35,3,1,100,40
100,0,17,9,100,59
100,1,19,0,100,61
100,9,39,0,100,57
100,17,17,0,100,50
38,20,0,5,100,50
80,13,24,0,74,70
100,13,41,0,98,69
86,11,29,0,100,50
74,10,52,0,100,67
100,0,35,8,99,74
88,0,26,3,100,54
79,17,20,0,100,48
58,28,19,2,100,35
66,16,7,0,100,56
97,1,34,0,100,65
82,0,27,13,83,76
40,37,19,0,98,61
100,0,24,4,100,67
100,17,15,0,100,56
100,11,9,0,100,57
100,0,23,24,100,69
100,0,16,8,97,72
100,3,49,0,100,59
79,0,20,0,90,67
100,9,2,0,100,59
98,18,8,0,100,48
65,8,3,0,84,68
100,0,22,4,100,68
97,34,5,0,100,42
82,21,13,0,100,48
100,29,16,0,100,55
100,0,18,22,100,75
93,14,19,0,100,50
100,12,44,0,100,65
81,14,60,0,100,61
100,0,23,13,100,70
62,19,23,0,100,43
71,32,41,0,100,50
60,30,5,0,100,49
100,3,25,0,100,66
100,0,21,1,94,70
100,3,14,0,100,53
100,1,30,0,100,63
100,19,8,0,100,50
90,19,2,0,100,46
100,7,31,0,100,61
100,0,12,0,100,56
100,0,27,0,100,64
97,12,56,0,100,51
100,11,47,0,100,58
73,14,28,0,100,48
54,21,17,0,100,55
75,8,21,0,100,53
81,42,0,6,100,50
100,6,23,0,100,56
100,0,15,6,99,72
100,0,46,6,100,67
100,0,22,7,100,70
75,5,16,0,100,59
73,18,21,0,100,61
100,0,22,9,100,58
96,18,27,0,98,68
41,24,0,4,100,57
100,0,18,1,100,59
100,5,27,0,100,56
97,10,10,0,89,68
100,0,21,7,100,64
92,14,32,0,100,53
100,0,43,1,100,57
100,9,39,0,100,54
53,16,19,0,100,55
89,29,0,2,100,58
57,15,19,0,100,59
65,16,27,0,100,57
72,16,10,0,100,48
100,8,29,0,100,64
91,18,34,0,100,50
76,12,23,0,100,47
100,6,17,0,100,59
86,5,25,0,100,60
100,0,37,16,100,70
100,0,14,11,93,72
100,21,18,0,100,53
71,31,38,0,100,39
100,16,45,0,100,60
65,6,55,0,100,67
67,10,18,0,100,49
100,30,19,0,100,47
97,19,35,0,100,53
98,16,1,0,100,49
72,12,17,0,100,47
100,0,20,9,100,57
92,32,2,0,100,48
100,2,23,0,100,64
46,7,6,0,100,51
100,13,10,0,100,61
72,4,1,0,100,62
100,4,14,0,100,55
80,37,0,8,100,42
80,5,12,0,100,63
90,5,22,0,100,54
100,10,4,0,100,68
100,0,19,5,100,55
100,0,21,6,91,70
97,0,29,6,100,65
75,15,22,0,100,50
100,12,45,0,100,71
100,12,26,0,100,59
72,24,31,0,100,49
55,12,22,0,100,49
100,6,37,0,100,65
100,0,22,8,100,66
100,4,9,0,100,65
100,0,23,12,100,69
62,22,27,0,100,57
92,5,23,0,100,68
100,21,35,0,100,51
48,26,5,0,100,40
100,0,18,5,90,70
81,11,19,0,100,52
73,22,0,1,100,41
88,0,26,14,100,74
100,18,34,0,100,66
53,12,28,0,100,61
92,12,13,0,100,50
89,28,0,17,90,73
100,8,30,0,100,60
84,7,7,0,100,55
100,0,20,13,100,74
100,18,15,0,100,66
100,4,32,0,100,59
77,16,4,0,100,53
100,0,25,8,100,69
49,25,38,0,100,39
100,4,27,0,86,71
100,0,29,12,100,71
100,0,21,2,85,76
100,0,3,4,100,61
62,8,11,0,100,45
95,11,64,0,100,65
69,0,12,3,100,53
100,15,6,0,100,58
95,18,28,0,100,52
92,31,13,0,100,53
100,0,30,4,100,66
100,24,19,0,100,53
63,18,50,0,100,58
74,10,34,0,100,56
57,9,15,0,100,52
100,0,25,23,96,78
67,21,3,0,100,48
60,20,5,0,100,45
85,0,25,6,100,67
85,28,9,0,98,60
100,0,23,12,100,65
100,1,32,0,100,70
58,21,37,0,100,47
100,12,31,0,100,57
96,15,20,0,100,48
100,31,51,0,100,59
67,20,26,0,100,49
84,21,26,0,100,46
100,0,20,8,100,67
100,25,7,0,100,52
75,29,0,6,100,34
100,17,12,0,100,65
82,15,33,0,100,59
100,10,29,0,97,70
63,27,14,0,100,49
66,1,13,0,100,62
100,9,9,0,100,58
72,5,36,0,100,50
100,0,27,6,100,57
100,13,41,0,100,60
100,7,55,0,100,60
78,29,2,0,100,55
100,23,34,0,100,56
94,15,18,0,100,50
58,16,8,0,100,48
100,6,17,0,100,57
100,0,20,22,99,77
95,27,28,0,100,49
100,12,46,0,100,55
100,3,25,0,100,56
88,0,17,10,95,73
93,8,22,0,100,51
100,4,12,0,100,54
100,11,21,0,100,55
61,37,30,4,100,34
78,15,34,0,100,49
89,1,21,0,100,52
100,13,42,0,100,57
100,8,7,0,100,54
84,9,13,0,100,50
48,17,15,0,100,56
78,26,13,0,100,49
100,0,22,20,99,75
76,17,0,9,100,66
69,2,21,0,100,50
73,4,10,0,100,51
91,9,2,0,100,56
83,12,26,0,100,49
100,0,15,11,100,70
100,11,13,0,100,52
70,4,27,0,100,60
100,0,20,2,100,68
78,23,26,0,100,63
100,3,3,0,100,66
100,0,24,3,100,64
92,40,0,7,100,51
79,9,8,0,100,49
100,1,15,0,100,68
55,10,8,0,100,50
100,0,29,10,99,71
74,6,19,0,100,52
83,12,33,0,100,52
100,0,21,9,100,62
71,42,0,1,96,58
70,28,0,1,100,51
56,9,2,0,100,66
95,15,19,0,100,51
49,4,19,0,100,49
50,10,24,0,100,46
100,0,7,1,100,62
100,16,32,0,100,49
100,32,27,0,100,55
100,2,13,0,100,61
94,43,0,14,100,58
100,10,29,0,100,62
69,0,27,1,100,57
87,8,29,0,100,54
72,14,0,1,86,67
100,10,23,0,100,62
100,26,50,0,100,60
98,26,24,0,100,54
100,13,14,0,100,53
69,4,8,0,100,54
86,23,16,0,100,49
100,0,31,3,95,71
100,32,20,0,100,61
55,8,25,0,100,48
67,25,0,3,100,44
100,0,18,13,100,67
75,27,11,0,100,51
96,19,28,0,100,53
59,23,14,0,100,46
100,18,22,0,100,60
27,22,33,0,100,40
52,38,0,19,100,46
81,31,27,0,100,42
89,6,25,0,100,54
60,12,6,0,100,47
95,0,12,6,100,58
100,10,22,0,100,55
100,0,22,21,100,73
100,9,16,0,100,58
100,24,53,0,100,58
70,26,67,0,100,53
79,5,40,0,100,54
100,18,18,0,100,60
100,0,10,22,100,72
51,26,26,0,88,63
100,0,29,15,100,74
60,0,4,2,100,59
53,32,1,2,100,34
100,1,10,0,100,67
100,0,19,6,100,68
48,18,8,0,100,62
100,1,21,0,100,62
74,41,16,6,100,39
100,0,18,4,100,59
68,2,11,0,100,56
100,0,20,20,100,66
100,1,34,0,100,58
100,10,14,0,100,57
100,8,45,0,100,61
100,0,20,14,100,69
63,9,19,0,100,51
82,20,0,1,100,46
89,0,19,2,100,62
66,32,18,1,100,33
100,0,15,4,100,65
74,20,25,0,100,48
63,10,10,0,100,45
100,0,48,1,100,59
55,23,8,0,100,56
52,14,1,0,100,53
100,9,50,0,100,58
100,0,18,8,88,74
100,12,40,0,100,56
100,5,16,0,100,54
100,0,35,3,100,70
80,41,0,7,100,47
86,8,6,0,100,57
100,13,33,0,100,57
97,39,18,0,100,48
49,24,8,0,100,39
90,24,28,0,100,46
71,22,6,0,100,42
100,4,14,0,100,61
100,0,28,12,94,74
100,8,31,0,100,64
73,31,9,0,100,43
100,4,37,0,100,66
59,7,12,0,100,50
100,24,31,0,100,50
100,0,40,0,100,66
78,26,15,0,100,44
22,21,13,0,100,41
100,3,36,0,100,64
85,26,21,0,100,47
63,19,19,0,100,50
100,13,37,0,100,55
100,4,24,0,100,60
95,10,18,0,100,53
100,1,15,0,100,55
45,23,11,0,100,45
72,19,14,0,100,47
78,19,18,0,80,66
100,27,40,0,100,55
100,4,30,0,100,60
83,25,7,0,100,42
97,0,18,6,90,71
63,17,19,0,100,51
100,7,16,0,100,56
76,8,21,0,100,50
100,0,32,18,88,85
100,4,3,0,100,67
37,23,23,0,100,47
72,15,34,0,100,54
93,29,0,0,100,57
75,14,29,0,100,59
100,0,27,10,87,73
100,6,33,0,100,61
100,0,14,2,100,66
91,15,0,3,100,65
100,21,22,0,100,47
85,10,10,0,100,48
100,0,51,5,100,66
47,32,0,4,100,42
100,0,20,11,100,57
60,18,31,0,100,50
79,18,27,0,100,52
92,8,23,0,100,59
100,10,19,0,100,65
100,2,26,0,100,58
63,22,0,4,93,67
89,12,39,0,100,54
31,21,18,0,100,56
90,8,29,0,100,46
95,24,6,0,100,50
77,11,14,0,100,52
100,17,7,0,100,56
55,10,16,0,100,47
90,24,13,0,100,49
56,36,0,5,100,37
100,0,16,12,100,66
100,11,10,0,100,55
95,8,16,0,100,62
84,14,34,0,100,50
16,77,100,17,100,55
46,7,17,0,100,49
51,15,11,0,100,54
53,21,61,0,100,55
100,4,13,0,100,55
61,22,21,0,100,44
100,2,13,0,100,66
100,22,26,0,100,59
73,14,13,0,100,53
100,0,22,16,100,65
40,15,1,0,100,55
50,7,27,0,100,48
100,14,41,0,100,60
69,3,28,0,100,51
100,0,28,15,100,70
55,24,32,0,100,42
55,1,10,0,100,59
100,3,43,0,84,74
100,0,29,9,100,59
100,0,29,1,100,69
100,0,33,13,100,71
100,18,33,0,100,64
81,10,32,0,100,49
100,0,31,6,100,74
100,25,15,0,100,55
100,8,8,0,100,60
100,0,31,2,100,54
100,0,20,23,91,78
89,26,26,0,100,60
74,21,26,0,100,54
100,0,25,29,94,82
100,11,49,0,100,60
63,24,20,0,100,48
69,20,2,0,100,59
100,0,22,2,100,54
100,0,19,6,81,75
55,20,0,4,100,54
77,16,10,0,100,48
100,8,37,0,100,53
100,0,27,0,100,68
100,18,2,0,100,62
97,34,0,4,100,56
100,2,9,0,100,58
66,21,28,0,100,50
100,11,30,0,100,54
68,8,24,0,100,51
100,6,25,0,100,59
100,6,29,0,100,63
100,0,7,0,100,56
78,7,9,0,100,52
100,12,27,0,100,62
75,29,5,0,100,51
100,9,12,0,100,52
53,6,16,0,100,48
69,30,12,0,100,57
99,13,23,0,100,56
100,6,5,0,100,63
85,16,67,0,100,68
51,34,1,6,100,34
100,0,32,6,100,70
100,7,48,0,100,60
100,19,19,0,100,50
100,12,21,0,100,55
77,0,21,9,100,57
100,0,15,5,100,61
100,5,27,0,100,64
57,13,26,0,100,49
89,23,41,0,100,43
60,7,6,0,100,49
83,21,15,0,100,50
100,0,21,12,100,57
100,16,46,0,100,56
89,20,19,0,100,53
64,21,22,0,100,58
71,35,21,4,100,35
100,0,28,3,100,56
97,0,9,14,100,69
74,10,6,0,100,59
64,9,5,0,95,67
88,28,31,0,100,49
46,25,33,0,100,38
91,23,43,0,100,57
95,15,23,0,100,51
55,20,1,0,100,44
75,8,59,0,94,67
97,25,31,0,100,60
85,8,59,0,100,70
69,15,16,0,100,52
58,24,9,0,100,43
46,1,32,0,100,56
67,47,2,10,100,38
55,19,15,0,100,41
71,12,11,0,82,69
100,18,24,0,87,68
100,6,38,0,100,63
100,1,26,0,100,61
100,18,37,0,100,50
70,22,28,0,100,52
100,0,24,16,97,76
52,6,8,0,100,53
55,31,45,0,100,36
55,0,16,4,100,58
97,16,14,0,100,48
100,0,17,7,100,56
100,0,22,10,100,66
100,13,17,0,100,52
99,4,38,0,100,61
83,16,11,0,100,56
55,27,9,0,100,49
100,0,22,7,100,62
100,0,32,15,100,70
100,11,24,0,100,66
100,10,16,0,100,53
68,20,7,0,100,61
100,13,18,0,100,66
42,16,39,0,100,45
74,9,0,6,100,63
87,12,4,0,100,67
65,12,13,0,100,45
53,17,13,0,100,52
100,0,18,12,100,71
100,0,21,17,100,69
100,1,29,0,100,61
88,0,30,19,85,75
100,16,46,0,100,63
86,12,7,0,100,62
100,0,28,10,100,65
70,21,4,0,100,49
100,11,28,0,100,56
93,18,29,0,100,59
78,22,37,0,100,52
88,26,5,0,100,52
100,2,17,0,100,60
25,0,29,7,75,72
61,11,0,7,85,70
100,25,0,4,100,59
50,6,20,0,100,49
100,5,35,0,100,58
76,17,32,0,100,63
100,16,43,0,100,60
59,13,25,0,100,46
100,3,15,0,100,57
24,29,0,9,100,42
59,25,6,0,100,42
100,0,17,10,100,63
84,15,24,0,100,55
100,12,28,0,100,55
40,19,16,0,100,49
35,20,8,0,91,65
100,12,18,0,100,59
100,20,11,0,100,61
100,0,27,19,100,72
100,0,18,5,100,68
100,0,29,8,100,71
46,15,0,6,100,64
100,11,49,0,100,63
100,12,21,0,100,67
90,18,2,0,100,48
81,19,12,0,100,62
100,0,31,12,100,73
80,22,15,0,100,55
100,0,47,16,99,78
82,20,9,0,100,51
100,0,22,18,100,78
77,21,3,0,95,64
100,13,10,0,100,58
100,0,13,18,100,70
95,31,0,0,100,53
82,3,8,0,85,68
73,4,29,0,100,58
100,4,47,0,100,67
78,12,38,0,100,52
100,0,8,3,100,58
86,31,1,0,100,55
99,8,26,0,100,50
100,14,49,0,100,54
100,6,12,0,100,62
100,0,12,3,100,61
100,3,9,0,100,56
93,4,12,0,100,55
82,16,20,0,100,52
100,0,25,3,100,65
100,3,38,0,100,56
86,0,28,0,100,55
58,17,19,0,100,52
25,3,6,0,90,63
100,20,31,0,100,55
100,0,25,14,95,76
62,1,0,3,94,69
100,0,27,1,100,55
100,0,27,27,99,78
85,22,42,0,100,48
84,14,27,0,100,66
79,21,15,0,100,51
100,8,22,0,100,62
100,12,25,0,100,53
83,18,15,0,100,63
100,0,29,18,100,66
100,0,15,6,100,60
100,15,11,0,100,53
83,24,18,0,100,52
100,18,14,0,100,57
100,0,11,5,100,58
61,7,14,0,94,68
96,17,42,0,100,48
27,3,9,0,100,45
77,6,27,0,100,53
49,30,11,0,100,40
100,14,10,0,100,52
100,16,35,0,100,50
100,0,37,3,100,62
100,4,10,0,97,69
85,15,59,0,100,57
100,15,18,0,100,57
50,17,10,0,100,46
100,0,26,12,100,62
91,5,44,0,100,62
100,0,26,24,88,80
98,22,4,0,100,55
96,6,0,8,98,72
62,25,8,0,100,60
99,18,59,0,100,58
93,11,10,0,100,49
81,0,18,0,100,55
93,35,0,2,100,46
100,0,16,16,100,59
100,0,14,2,100,69
88,17,49,0,100,50
100,10,42,0,100,51
76,27,21,0,100,52
75,16,35,0,100,51
100,15,40,0,100,54
100,0,28,27,65,93
86,0,16,1,100,56
37,4,13,0,67,80
70,39,11,0,100,57
70,23,21,0,100,53
100,16,28,0,99,70
100,0,32,23,100,78
87,2,31,0,100,52
77,33,11,0,100,50
100,0,33,10,93,74
100,11,36,0,100,59
100,0,6,23,100,70
86,18,57,0,100,48
100,0,41,4,95,72
96,16,33,0,100,50
100,0,9,8,100,56
65,0,19,12,100,57
94,14,24,0,100,49
100,0,6,11,100,58
100,0,37,12,100,69
100,0,24,14,100,60
100,11,28,0,100,54
100,8,36,0,100,57
84,6,0,9,100,58
100,6,34,0,100,61
67,24,22,0,100,41
100,0,31,13,100,66
90,27,43,0,100,56
100,1,20,0,100,58
100,5,12,0,100,55
67,12,37,0,100,56
63,22,16,0,100,56
100,0,34,21,96,79
86,34,28,0,100,38
100,0,8,16,100,59
100,0,21,13,100,66
70,27,17,0,100,56
100,0,25,22,100,63
95,29,28,0,100,44
100,0,30,20,100,76
100,7,14,0,100,65
100,6,34,0,100,61
98,16,38,0,100,53
100,0,23,3,100,58
100,0,40,17,100,75
100,11,35,0,100,49
100,7,27,0,100,54
73,22,30,0,100,53
100,0,7,4,100,52
100,12,16,0,100,53
100,0,34,19,74,85
89,0,33,26,66,96
36,5,23,0,83,68
100,0,20,20,100,62
100,1,43,0,100,63
100,34,55,0,100,45
100,0,23,4,100,65
74,0,32,0,100,62
95,13,29,0,100,55
100,0,39,24,77,86
100,21,35,0,100,57
100,11,37,0,100,59
41,19,23,0,100,52
100,17,28,0,100,51
70,26,63,0,100,44
100,0,26,7,100,64
64,0,33,0,100,59
65,24,36,0,100,54
100,0,23,1,100,64
100,0,24,10,100,58
100,2,21,25,100,68
94,0,30,13,88,73
69,7,25,0,100,54
100,0,16,6,100,68
100,16,23,0,100,57
100,0,37,6,97,77
100,24,26,0,100,55
100,12,31,0,100,68
100,9,30,0,100,59
100,0,5,10,100,58
100,3,33,0,91,75
27,19,30,0,70,66
81,10,25,0,100,65
100,15,34,0,94,67
81,9,26,0,100,67
87,13,20,0,100,52
100,8,18,0,100,59
100,5,25,0,100,60
100,0,7,14,100,61
100,8,19,0,100,56
90,13,39,0,100,49
100,0,14,17,100,64
100,10,33,0,100,54
81,0,23,19,100,60
72,14,20,0,100,55
40,17,35,0,100,51
77,4,36,0,100,51
100,8,29,0,100,69
100,7,21,0,100,53
99,21,18,0,100,54
100,0,25,6,100,65
100,18,22,0,100,58
90,12,15,0,100,49
100,7,17,0,100,63
60,0,20,8,98,70
100,0,11,0,100,61
100,10,24,0,100,57
100,17,24,0,98,70
86,0,20,2,100,64
100,6,22,0,100,63
100,19,28,0,100,63
99,25,31,0,100,52
67,15,41,0,100,48
100,23,38,0,100,52
100,9,47,0,100,63
100,6,49,0,100,70
59,17,47,0,100,49
100,8,35,0,100,68
100,8,16,0,96,69
100,0,19,5,100,68
93,4,27,0,100,61
100,6,21,0,100,64
100,0,33,9,88,79
100,0,10,6,100,53
98,37,49,0,100,37
100,0,29,14,100,63
100,1,0,20,90,74
100,17,9,0,100,53
100,0,16,17,100,61
100,0,26,18,87,76
67,6,30,0,100,51
100,15,21,0,100,52
100,7,37,0,100,68
100,18,29,0,100,60
100,0,2,23,100,67
100,15,29,0,100,53
100,0,20,11,100,62
100,23,24,0,100,59
35,16,22,0,96,65
57,0,24,4,100,53
100,0,48,7,100,68
90,8,25,0,100,55
100,0,19,2,100,63
80,13,46,0,100,50
100,15,46,0,100,66
100,0,24,5,100,58
90,5,36,0,100,58
96,0,25,31,64,99
100,4,23,0,99,70
65,19,21,0,97,66
100,0,42,11,100,71
84,25,19,0,100,57
80,22,33,0,100,46
100,9,15,0,100,59
100,4,36,0,100,62
100,0,45,13,81,81
86,8,50,0,100,54
100,0,19,4,96,71
100,5,19,0,100,54
100,0,14,5,100,68
100,0,30,22,100,64
100,15,59,0,100,68
100,16,26,0,100,56
78,15,25,0,100,50
100,0,39,21,100,74
74,17,20,0,100,56
60,18,23,0,100,54
76,22,17,0,99,64
100,0,38,16,99,78
100,0,46,1,100,66
100,8,0,3,100,57
100,0,1,16,88,73
100,17,30,0,100,54
100,2,11,0,100,67
100,0,40,17,98,77
90,17,44,0,100,49
66,16,23,0,100,47
100,0,20,17,100,60
100,8,13,0,100,56
84,0,8,19,88,73
100,0,19,13,100,59
100,0,28,1,100,69
100,8,31,0,100,59
100,9,38,0,100,55
100,0,31,1,100,63
100,5,16,0,79,73
100,11,28,0,100,59
100,0,25,14,100,70
100,22,21,0,89,72
100,10,46,0,100,61
100,5,4,0,100,55
100,0,15,1,100,59
100,0,42,26,74,92
100,0,35,16,86,80
100,16,13,0,95,71
100,0,22,9,100,64
100,8,37,0,100,69
100,0,21,13,83,73
100,0,11,21,100,63
100,24,26,0,100,56
100,6,33,0,100,61
100,0,42,23,88,82
100,8,26,0,100,58
100,0,33,7,100,69
100,42,17,0,100,52
51,20,31,0,100,65
57,13,23,0,100,45
100,2,18,0,100,56
100,25,38,0,100,50
100,0,12,1,100,63
100,0,37,4,100,66
85,20,41,0,100,54
89,8,28,0,100,51
77,8,27,0,100,61
100,14,39,0,100,55
90,17,16,0,100,50
17,46,13,0,99,53
100,15,39,0,100,51
100,0,41,7,100,62
82,18,20,0,100,47
89,31,29,0,100,61
100,2,13,0,100,64
100,16,21,0,100,54
100,0,27,12,100,58
74,11,49,0,100,59
100,27,43,0,100,54
48,19,26,0,100,51
100,0,36,6,100,60
88,7,4,0,100,54
53,18,38,0,100,58
94,19,53,0,100,50
100,23,49,0,100,49
74,22,27,0,100,54
100,0,32,7,100,72
87,10,41,0,100,52
100,0,34,20,100,68
100,4,46,0,100,63
100,23,37,0,99,65
100,29,44,0,100,60
100,0,33,15,100,72
100,31,19,0,100,51
84,20,15,0,100,50
71,0,32,5,100,66
100,50,27,17,100,45
98,22,15,0,100,55
100,16,35,0,100,53
100,24,37,0,100,53
61,14,48,0,100,50
43,12,38,0,100,47
100,10,36,0,100,53
76,14,26,0,100,55
100,0,29,12,100,71
60,10,46,0,100,47
100,11,22,0,100,57
88,21,61,0,100,48
100,0,47,12,95,77
98,6,49,0,100,59
100,1,27,0,100,64
100,0,37,0,100,56
100,0,50,8,98,76
100,0,42,13,100,69
100,0,32,14,100,65
100,9,6,0,100,69
100,0,25,13,97,75
75,13,10,0,100,47
67,12,25,0,100,49
100,17,30,0,100,51
97,0,32,23,72,81
33,0,19,5,76,72
100,9,27,0,100,53
97,2,24,0,100,68
100,4,4,0,100,53
100,0,42,17,86,83
100,13,46,0,100,52
96,0,19,25,63,95
93,4,36,0,100,54
100,0,45,11,89,76
100,0,32,3,100,55
63,6,40,0,100,51
100,0,37,4,99,73
100,0,10,16,100,60
100,0,14,1,100,58
100,12,24,0,100,57
100,3,33,0,100,66
100,0,34,20,100,75
100,0,32,16,100,60
100,0,25,5,100,68
95,13,40,0,100,51
100,0,23,8,100,59
95,0,21,2,93,68
100,9,22,0,100,68
100,5,26,0,100,57
87,5,29,0,100,55
96,31,37,0,100,58
99,2,30,0,100,59
86,11,51,0,100,51
100,27,21,0,100,59
100,0,24,20,100,63
100,8,12,0,100,59
80,14,33,0,100,53
88,9,36,0,100,58
100,8,0,12,90,73
100,19,22,0,100,52
100,0,42,1,100,62
100,21,22,0,99,67
95,0,27,9,100,57
72,22,19,0,100,60
100,35,40,0,100,43
100,16,30,0,100,64
86,9,34,0,100,52
100,6,10,0,100,58
100,9,6,0,100,56
100,12,42,0,100,52
100,12,11,32,100,69
100,0,32,1,100,61
86,0,10,19,100,61
86,13,31,0,100,51
86,13,18,0,100,51
86,15,58,0,100,51
80,0,12,7,100,68
100,0,40,14,83,79
100,0,35,23,77,83
100,0,36,17,100,69
100,3,40,0,100,54
100,0,14,5,100,64
100,0,32,14,100,59
98,26,46,0,100,51
50,20,19,0,100,42
100,10,33,0,100,62
