31,72
37,83
0,42
24,72
24,73
0,20
0,42
20,63
16,67
0,41
10,52
25,66
0,15
5,58
0,34
16,67
0,30
17,57
41,83
0,39
39,83
23,61
0,31
24,67
30,67
0,41
20,58
18,75
30,74
8,50
15,64
1,47
0,44
8,56
27,60
0,14
0,16
0,62
0,45
11,51
20,62
59,100
9,48
44,83
5,45
0,32
66,100
13,58
13,62
8,64
11,49
22,61
0,16
20,69
32,76
27,69
42,82
8,55
0,38
38,86
6,66
38,84
0,25
0,39
0,29
35,69
0,28
20,59
17,55
0,41
28,69
45,95
19,60
70,100
20,69
6,46
17,60
23,64
39,81
6,51
0,39
41,88
32,69
0,39
24,65
0,34
8,53
0,25
13,57
0,30
0,50
7,46
17,59
0,36
34,80
36,77
8,63
27,67
24,64
7,51
34,80
28,67
12,48
16,54
0,36
0,9
24,68
34,75
2,59
4,49
5,46
24,66
29,75
30,70
14,68
0,37
17,62
19,64
2,36
0,44
0,40
0,30
12,53
55,89
4,0
10,56
0,35
40,82
6,47
15,56
41,83
20,62
31,69
24,65
14,58
31,70
0,26
25,64
25,74
0,37
0,36
26,77
0,41
0,42
23,65
0,25
39,75
21,58
13,54
0,21
39,78
3,43
0,14
34,68
6,48
29,72
29,75
4,43
4,61
0,25
11,61
0,41
42,95
28,74
0,40
20,63
26,64
27,73
32,79
0,52
33,77
13,59
21,71
0,31
0,47
60,100
27,76
36,75
27,68
12,58
9,62
34,74
6,55
33,76
11,60
27,69
0,38
30,80
0,22
1,46
0,16
0,38
5,54
21,63
0,49
0,52
11,66
0,32
24,68
30,69
39,77
5,53
0,25
0,35
37,76
0,36
22,64
6,53
33,74
0,31
0,20
0,42
0,24
19,66
35,77
1,40
29,73
0,31
2,49
23,66
30,73
0,45
24,70
33,77
4,49
35,80
26,67
28,69
33,70
9,67
16,60
23,68
0,36
11,53
0,33
0,31
23,67
4,44
65,99
48,98
55,100
13,54
22,73
0,44
13,71
42,86
23,71
5,46
21,66
12,54
26,70
52,87
67,100
0,34
36,73
26,67
15,61
0,35
0,33
34,79
22,61
50,94
0,35
15,61
16,61
7,55
24,74
0,42
0,37
0,18
0,51
0,35
23,72
0,25
30,70
26,66
1,50
36,90
15,54
0,33
27,69
59,99
33,74
11,45
36,81
34,77
0,36
25,68
0,41
0,50
13,49
0,47
2,48
0,27
0,26
28,60
20,62
30,70
26,66
21,62
5,45
0,33
32,75
0,37
17,60
2,46
7,48
25,65
22,66
30,74
27,62
59,90
15,63
7,46
28,71
0,42
8,61
29,73
17,70
24,71
6,50
9,50
42,92
16,61
28,82
63,100
0,21
19,62
49,90
1,49
0,33
1,41
0,40
4,40
0,35
20,70
3,55
44,78
0,44
0,27
0,49
38,75
1,49
37,85
0,27
0,40
79,100
26,69
6,50
29,74
42,83
34,73
17,63
0,36
33,69
0,14
4,45
19,61
26,68
33,72
20,64
18,65
0,34
7,51
31,65
17,52
52,88
35,71
10,66
24,70
49,92
0,28
0,27
24,69
41,82
3,47
62,98
21,70
0,26
21,77
2,60
0,22
0,40
10,55
1,44
49,86
11,56
23,74
27,70
37,80
11,53
19,65
10,59
36,78
13,58
0,10
0,24
2,43
0,44
0,25
36,70
17,58
37,79
14,61
1,48
18,58
41,84
13,59
34,67
0,26
10,59
20,63
57,99
10,55
21,65
0,47
0,43
7,58
37,80
13,60
0,37
0,48
15,64
15,49
7,35
14,59
27,66
0,39
14,61
14,67
35,75
0,40
34,73
0,36
20,65
0,30
41,83
46,93
0,48
23,66
31,71
6,59
0,21
0,39
20,67
26,69
0,36
40,81
34,75
36,75
0,37
17,66
39,77
44,76
0,44
29,75
32,70
20,65
25,69
0,40
23,70
20,65
21,62
14,60
14,57
20,61
28,76
11,51
0,49
24,75
30,74
0,27
0,32
14,61
67,99
0,28
39,85
42,91
0,37
23,64
14,62
20,63
43,88
28,67
12,62
10,59
30,71
0,54
16,60
40,78
32,69
49,92
0,28
13,52
57,95
15,61
9,57
30,70
0,39
26,65
24,69
21,68
0,31
22,64
39,78
0,44
15,55
25,64
0,43
0,30
0,55
14,59
0,38
0,30
0,41
0,23
0,38
13,60
29,72
32,69
37,76
0,38
0,36
0,43
4,44
0,35
17,60
39,79
23,68
16,64
0,35
8,50
9,56
21,65
10,61
12,55
0,44
0,18
33,75
29,80
30,63
12,53
17,61
34,73
26,71
9,68
0,25
0,27
0,42
28,69
0,18
0,38
0,11
5,53
34,74
2,50
0,33
36,76
20,62
0,46
16,55
33,70
40,85
12,51
27,74
35,76
25,61
0,39
9,60
10,57
0,21
10,56
0,21
21,67
0,43
0,27
14,58
16,55
35,68
0,38
0,45
31,69
32,77
28,65
10,51
13,57
15,60
17,59
22,73
18,60
0,31
0,25
11,58
0,50
12,57
4,55
27,71
0,17
26,70
0,24
12,56
16,64
0,32
44,81
0,37
29,69
41,84
32,74
0,27
11,63
62,98
0,43
0,20
35,78
37,84
26,71
7,49
34,78
44,81
35,70
7,52
0,15
30,69
44,91
0,40
33,76
3,50
25,68
20,61
0,32
42,84
2,54
27,68
23,65
13,56
4,42
15,55
15,58
4,50
0,46
49,97
8,50
21,60
18,61
0,37
0,28
2,47
1,43
7,48
0,30
20,62
19,59
8,46
28,67
25,65
23,65
10,52
37,76
0,47
0,27
0,45
36,78
2,47
0,25
0,44
0,27
20,62
42,84
20,74
47,90
0,22
0,43
0,20
25,70
0,29
42,88
12,55
0,42
18,60
0,41
10,57
17,57
0,39
49,91
50,85
35,77
0,48
16,61
41,74
11,54
0,25
16,61
72,100
0,20
53,90
53,86
18,64
22,63
55,92
5,54
0,25
24,64
67,100
39,85
1,43
34,71
20,60
38,80
0,28
21,63
33,69
49,84
3,56
17,62
0,39
0,35
4,47
64,100
0,45
0,14
42,86
13,64
83,100
51,89
24,70
0,34
0,42
41,80
2,42
10,55
19,67
26,67
0,41
58,92
28,71
21,66
9,51
8,47
7,52
54,91
16,60
0,42
0,49
22,72
16,58
13,53
0,28
32,76
39,84
0,41
14,57
13,56
38,76
46,81
30,71
17,58
35,74
21,63
15,63
8,55
25,70
0,10
0,8
0,39
72,100
2,48
22,66
72,100
10,48
0,25
3,44
1,43
56,92
35,70
0,33
0,38
5,49
0,37
0,40
39,74
28,68
36,75
2,49
56,93
0,37
65,100
19,57
21,63
0,33
32,75
29,64
64,100
35,83
17,58
0,18
12,59
40,80
26,66
0,37
10,60
0,49
9,56
34,81
4,52
0,36
0,18
30,68
1,55
0,45
0,45
37,78
6,48
27,67
0,51
16,61
0,28
0,39
0,51
37,82
5,41
9,55
28,66
43,90
24,65
42,90
0,50
0,45
27,69
0,19
20,68
17,58
40,79
0,38
9,65
40,86
0,35
5,47
0,47
29,70
0,35
20,65
14,52
35,79
0,49
52,88
62,93
68,100
23,65
15,61
13,59
0,34
35,78
0,38
7,51
34,73
38,85
73,100
17,63
11,63
0,43
44,89
33,89
0,43
21,65
41,86
0,47
17,60
0,47
0,4
31,68
7,47
30,73
9,48
30,77
29,70
59,92
41,78
0,34
4,55
0,25
0,33
53,87
17,58
32,75
86,100
34,72
0,30
11,59
14,60
17,59
0,14
41,89
0,32
0,48
16,63
75,100
48,82
37,80
2,46
0,17
8,51
0,38
23,68
9,60
15,56
0,43
6,56
21,62
27,70
19,60
19,63
31,69
31,72
37,80
5,43
36,82
30,69
28,74
6,42
20,62
78,100
21,60
0,40
18,56
5,46
0,38
8,58
32,74
10,61
26,74
0,33
5,48
0,35
18,62
24,71
35,73
11,58
54,91
18,62
32,72
0,46
14,52
8,54
7,54
24,67
30,69
0,11
26,66
0,47
0,45
69,100
7,50
9,49
34,73
10,52
27,70
68,99
0,42
16,58
44,90
29,71
11,53
0,35
0,30
20,61
2,37
31,73
0,45
32,68
19,60
63,97
40,85
39,89
0,42
31,74
30,77
5,54
0,41
30,69
25,67
28,73
20,61
17,56
0,43
34,75
0,41
0,44
0,30
23,68
21,64
11,52
7,50
1,45
39,79
23,61
75,100
65,100
100,99
80,100
78,100
77,100
53,100
100,90
62,100
71,100
72,100
69,100
73,100
100,89
87,100
57,100
72,100
99,100
82,100
94,100
85,100
79,100
85,100
100,92
91,100
50,91
85,100
97,100
78,100
66,100
81,100
72,100
69,100
69,100
66,100
80,100
65,100
60,100
68,100
84,100
58,100
82,100
100,94
71,100
66,100
99,100
85,100
91,100
94,100
92,100
73,100
70,100
75,100
88,100
77,100
96,100
86,100
67,99
71,100
67,100
68,100
93,100
70,100
77,100
81,100
83,100
82,100
100,94
73,100
57,100
76,100
85,100
100,98
74,100
74,100
66,100
93,100
72,100
76,100
75,100
87,100
84,100
66,100
81,100
95,100
62,100
77,100
78,100
78,100
86,100
91,100
65,100
69,100
77,100
73,100
83,100
71,100
65,100
94,100
74,100
67,100
99,100
70,100
75,100
67,100
86,100
71,100
94,100
87,100
68,100
75,100
73,100
70,100
77,100
93,100
69,100
75,100
57,100
53,100
80,100
98,100
71,100
90,100
85,100
63,100
87,100
89,100
76,100
84,100
82,100
61,94
100,94
75,100
80,100
97,100
73,100
81,100
80,100
99,100
73,100
84,100
64,100
63,100
98,100
71,100
62,100
95,100
79,100
99,100
100,82
86,100
77,100
77,100
100,100
77,100
96,100
87,100
100,94
97,100
87,100
77,100
64,100
70,100
71,100
88,100
76,100
95,100
100,98
83,100
74,100
80,100
66,100
83,100
88,100
83,100
57,100
89,100
100,100
57,100
99,100
88,100
95,100
60,100
68,100
87,100
77,100
75,100
78,100
71,100
68,100
68,100
89,100
71,100
79,100
79,100
94,100
88,100
71,100
68,100
93,100
67,100
73,100
77,100
72,100
80,100
78,100
91,100
73,100
85,100
56,100
91,100
78,100
62,98
85,100
100,98
93,100
71,100
55,100
88,100
76,100
77,100
100,98
97,100
71,100
87,100
77,100
69,100
69,100
76,100
87,100
100,92
94,100
87,100
97,100
73,100
58,96
76,100
79,100
79,100
86,100
91,100
81,100
80,100
72,100
95,100
96,100
83,100
81,100
100,99
100,80
100,86
88,100
91,100
78,100
82,100
79,100
85,100
83,100
74,100
100,92
75,100
77,100
76,100
77,100
78,100
96,100
95,100
63,100
70,100
77,100
63,100
70,100
100,88
72,100
100,98
85,100
88,100
68,100
81,100
82,100
90,100
84,100
77,100
79,100
100,99
79,100
66,100
70,100
89,100
77,100
57,100
77,100
100,90
91,100
72,100
72,100
88,100
73,100
70,100
98,100
78,100
75,100
99,100
87,100
69,100
71,100
98,100
67,100
81,100
80,100
71,100
83,100
79,100
99,100
77,100
88,100
75,100
91,100
85,100
62,100
84,100
60,100
62,100
88,100
65,100
87,100
63,100
84,100
90,100
100,96
77,100
67,100
79,100
93,100
81,100
86,100
68,100
67,100
65,100
55,100
97,100
83,100
87,100
99,100
69,100
67,100
75,100
77,100
74,100
91,100
78,100
91,100
79,100
87,100
83,100
84,100
68,100
69,100
100,89
80,100
71,100
72,100
49,98
78,100
82,100
73,100
65,100
96,100
74,100
83,100
96,100
80,100
79,100
63,100
50,100
70,100
90,100
92,100
100,93
97,100
72,100
70,100
87,100
86,100
75,100
77,100
73,100
100,97
100,100
68,100
60,100
66,100
79,100
93,100
78,100
70,100
88,100
80,100
82,100
70,100
81,100
82,100
74,100
68,100
67,100
62,100
87,100
67,100
93,100
86,100
87,100
78,100
89,100
81,100
67,100
100,91
90,100
67,100
63,100
67,100
75,100
100,100
82,100
74,100
90,100
85,100
98,100
70,100
74,100
85,100
93,100
82,100
81,100
91,100
75,100
97,100
51,100
58,89
83,100
68,100
72,100
91,100
70,100
60,100
80,100
75,100
91,100
58,98
78,100
64,100
71,100
67,100
76,100
83,100
77,100
62,100
77,100
84,100
47,100
83,100
71,100
100,97
88,100
67,100
98,100
80,100
78,100
82,100
83,100
92,100
60,100
88,100
98,100
73,100
56,100
70,100
74,100
67,100
75,100
80,100
89,100
100,98
64,100
68,100
100,93
63,100
72,100
98,100
70,100
79,100
84,100
82,100
70,100
95,100
66,100
90,100
88,100
71,100
70,100
78,100
98,100
81,100
100,93
92,100
72,100
69,100
76,100
87,100
72,100
89,100
76,100
88,100
58,100
86,100
70,100
70,100
71,100
75,100
74,100
82,100
71,100
76,100
67,100
73,100
100,98
62,100
70,100
59,100
73,100
93,100
91,100
100,97
75,100
76,100
43,100
81,100
78,100
92,100
100,95
67,100
75,100
81,100
66,100
100,96
81,100
86,100
83,100
81,100
83,100
65,100
100,94
81,100
74,100
83,100
97,100
83,100
86,100
87,100
82,100
92,100
80,100
70,100
85,100
68,100
80,100
76,100
75,100
100,91
70,100
65,100
71,100
77,100
82,100
81,100
66,100
79,100
50,100
48,100
65,100
74,100
100,99
76,100
56,100
53,100
86,100
88,100
66,100
87,100
64,100
60,100
70,100
69,100
83,100
87,100
100,88
57,100
72,100
61,100
100,90
74,100
78,100
91,100
92,100
100,93
71,100
58,100
58,100
77,100
94,100
69,100
58,100
96,100
76,100
81,100
76,100
88,100
67,100
66,100
100,95
76,100
76,100
76,100
70,100
75,100
74,100
86,100
73,100
70,100
100,77
81,100
75,100
79,100
97,100
77,100
100,83
80,100
96,100
72,100
94,100
75,100
71,100
76,100
100,95
73,100
79,100
73,100
76,100
74,100
86,100
83,100
71,100
78,100
98,100
80,100
81,100
72,100
100,99
61,100
100,98
81,100
98,100
99,100
97,100
80,100
77,100
66,100
74,100
55,100
99,100
100,97
85,100
67,100
57,100
73,100
64,100
74,100
72,100
78,100
72,100
72,100
89,100
64,100
61,100
80,100
84,100
79,100
60,100
67,100
76,100
100,99
91,100
75,100
73,100
73,100
80,100
69,100
60,100
67,100
89,100
58,100
89,100
99,100
88,100
73,100
74,100
78,100
93,100
72,100
93,100
52,93
74,100
60,100
90,100
100,96
98,100
96,100
100,85
100,95
100,97
74,100
69,100
68,100
79,100
67,100
79,100
96,100
99,100
76,100
78,100
96,100
100,93
63,100
81,100
84,100
78,100
78,100
75,100
83,100
44,100
73,100
55,100
74,100
62,100
79,100
66,100
63,100
77,100
81,100
68,100
68,100
82,100
82,100
74,100
81,100
58,100
68,100
91,100
42,100
69,100
77,100
74,100
81,100
78,100
82,100
100,99
97,100
79,100
93,100
81,100
69,100
87,100
69,100
61,100
100,89
100,99
87,100
74,100
97,100
82,100
91,100
92,100
78,100
82,100
89,100
73,100
65,100
81,100
100,96
84,100
71,100
100,93
64,100
67,100
97,100
88,100
96,100
78,100
76,100
67,100
72,100
75,100
100,98
75,100
86,100
59,100
72,100
67,100
62,100
84,100
99,100
84,100
86,100
81,100
99,100
72,100
91,100
66,100
100,96
98,100
62,100
74,100
77,100
94,100
67,100
86,100
79,100
77,100
92,100
68,100
73,100
69,100
95,100
66,100
100,100
100,89
100,84
85,100
71,100
95,100
65,100
93,100
86,100
69,100
87,100
91,100
65,100
100,90
75,100
79,100
68,100
74,100
82,100
60,100
86,100
74,100
74,100
66,100
66,100
70,100
66,100
71,100
68,100
74,100
100,94
83,100
72,100
83,100
79,100
68,100
77,100
83,100
71,100
88,100
81,100
74,100
67,100
92,100
79,100
70,100
75,100
91,100
68,100
100,98
100,92
73,100
67,100
68,100
100,91
85,100
70,100
69,100
100,97
90,100
78,100
69,100
71,100
60,100
87,100
100,99
72,100
76,100
75,100
80,100
71,100
73,100
72,100
74,100
90,100
88,100
81,100
99,100
97,100
67,87
90,100
71,100
100,66
80,100
71,100
76,100
100,97
94,100
77,100
76,100
100,93
82,100
74,100
90,100
100,85
81,100
100,100
74,100
67,100
77,100
75,100
74,100
71,100
100,93
73,100
73,100
91,100
86,100
68,100
71,100
100,100
80,100
82,100
64,100
73,100
77,100
77,100
66,100
81,100
79,100
71,100
98,100
96,100
100,90
80,100
76,100
80,100
79,100
49,100
81,100
75,100
74,100
100,96
66,100
88,100
69,100
88,100
65,100
79,100
100,100
100,99
71,100
95,100
64,100
90,100
70,100
63,100
83,100
91,100
82,100
100,97
71,100
97,100
90,100
77,100
100,90
100,98
70,100
64,100
69,100
70,100
72,100
74,100
77,100
86,100
88,100
97,100
100,93
94,100
100,95
78,100
86,100
94,100
74,100
87,100
99,100
84,100
66,100
94,100
87,100
88,100
82,100
61,100
78,100
100,93
72,100
86,100
68,100
72,100
79,100
95,100
100,92
75,100
68,100
86,100
80,100
79,100
96,100
100,93
87,100
76,100
94,100
97,100
88,100
68,100
66,100
100,100
100,90
69,100
93,100
89,100
70,100
69,100
66,100
73,100
95,100
78,100
77,100
97,100
87,100
79,100
82,100
62,100
69,100
57,100
73,100
87,100
100,99
81,100
77,100
74,100
82,100
70,100
82,100
100,88
86,100
88,100
82,100
68,100
79,100
100,93
94,100
72,100
99,100
64,100
72,100
83,100
72,100
85,100
75,100
100,89
89,100
85,100
81,100
76,100
79,100
64,100
87,100
85,100
71,100
95,100
99,100
97,100
65,100
91,100
73,100
65,100
88,100
97,100
100,98
100,96
64,100
60,100
99,100
71,100
82,100
88,100
70,100
74,100
100,92
75,100
83,100
74,100
96,100
64,100
67,100
66,100
85,100
84,100
77,100
87,100
76,100
82,100
100,98
96,100
80,100
65,100
99,100
100,98
70,100
88,100
78,100
67,100
89,100
70,100
91,100
79,100
87,100
88,100
96,100
64,100
92,100
75,100
77,100
95,100
100,98
75,100
82,100
81,100
79,100
85,100
96,100
72,100
79,100
70,100
100,99
87,100
94,100
79,100
100,91
73,100
85,100
76,100
75,100
80,100
72,100
98,100
77,100
96,100
87,100
86,100
77,100
78,100
90,100
83,100
90,100
81,100
72,100
93,100
82,100
86,100
77,100
98,100
84,100
96,100
82,100
79,100
85,100
89,100
99,100
98,100
79,100
80,100
93,100
78,100
73,100
83,100
79,100
81,100
78,100
87,100
97,100
80,100
80,100
79,100
88,100
74,100
74,100
89,100
99,100
69,94
78,100
89,100
83,100
79,100
93,100
99,100
93,100
75,100
72,100
74,100
78,100
77,100
87,100
99,100
96,100
87,100
100,100
100,100
83,100
99,100
84,100
81,100
91,100
75,100
73,95
67,100
88,100
95,100
98,100
100,98
75,100
78,100
86,100
81,100
79,100
98,100
88,100
86,100
88,100
73,100
82,100
100,94
80,100
83,100
83,100
81,100
79,100
91,100
72,100
91,100
87,100
93,100
100,98
86,100
83,100
83,100
82,100
77,100
77,100
99,100
76,100
76,100
78,100
96,100
75,100
75,100
80,100
88,100
77,100
81,100
88,100
89,100
81,100
85,100
89,100
71,100
95,100
79,100
85,100
79,100
83,100
71,100
100,99
68,100
75,100
87,100
78,100
76,100
83,100
80,100
66,100
100,100
76,100
82,100
88,100
87,100
84,100
72,100
95,100
94,100
80,100
80,100
98,100
81,100
83,100
95,100
76,100
76,100
80,100
91,100
100,98
95,100
83,100
81,100
85,100
77,100
87,100
74,100
85,100
77,100
100,95
78,100
90,100
76,100
76,100
84,100
84,100
83,100
94,100
90,100
82,100
91,100
79,100
74,100
92,100
71,100
94,100
74,100
83,100
97,100
77,100
82,100
86,100
82,100
82,100
95,100
95,100
77,100
76,100
78,100
94,100
92,100
89,100
77,100
97,100
94,100
95,100
92,100
100,96
77,100
93,100
97,100
81,100
84,100
88,100
94,100
100,93
92,100
85,100
100,94
83,100
89,100
86,100
88,100
69,100
70,93
78,100
89,100
92,100
80,100
75,100
88,100
90,100
82,100
93,100
77,99
76,100
90,100
90,100
78,100
87,100
79,100
100,98
84,100
75,100
90,100
79,100
100,93
82,100
87,100
78,100
97,100
99,100
94,100
88,100
98,100
100,95
94,100
85,100
75,100
95,100
83,100
76,100
78,100
80,100
77,100
84,100
100,100
99,100
94,100
95,100
88,100
91,100
91,100
84,100
90,100
92,100
72,100
69,93
97,100
86,100
73,100
81,100
92,100
77,100
94,100
87,100
80,100
100,94
78,100
88,100
77,100
78,100
73,100
80,100
80,100
79,100
89,100
93,100
78,100
78,100
87,100
79,100
76,100
72,100
90,100
78,100
93,100
85,100
91,100
82,100
80,100
93,100
86,100
79,100
89,100
87,100
79,100
85,100
81,100
78,100
77,100
76,100
79,100
81,100
71,100
76,100
99,100
85,100
81,100
80,100
83,100
76,100
98,100
87,100
86,100
79,100
81,100
82,100
70,100
86,100
77,100
82,100
77,100
75,100
77,100
78,100
98,100
85,100
78,100
97,100
88,100
83,100
72,100
75,100
74,100
83,100
84,100
82,100
81,100
72,100
94,100
89,100
94,100
100,99
95,100
82,100
79,100
81,100
81,100
90,100
80,100
87,100
74,100
77,100
86,100
89,100
77,100
79,100
81,100
76,100
100,99
86,100
78,100
63,95
91,100
70,100
93,100
90,100
73,100
97,100
69,100
77,100
73,100
100,100
81,100
84,100
87,100
89,100
98,100
93,100
73,100
76,100
85,100
78,100
84,100
82,100
83,100
100,96
71,100
84,100
77,100
76,100
79,100
98,100
74,100
80,100
100,97
81,100
94,100
72,100
79,100
86,100
72,100
82,100
96,100
88,100
80,100
84,100
72,100
78,100
94,100
89,100
74,96
91,100
99,100
80,100
79,100
84,100
78,100
95,100
87,100
82,100
100,98
86,100
76,100
77,100
94,100
99,100
97,100
95,100
93,100
78,100
90,100
79,100
92,100
98,100
85,100
81,100
84,100
76,100
84,100
88,100
76,100
94,100
85,100
71,100
100,91
100,98
75,100
84,100
85,100
78,100
80,100
83,100
74,100
83,100
74,100
77,100
89,100
87,100
95,100
72,100
76,100
72,100
85,100
91,100
84,100
73,100
85,100
99,100
75,100
76,100
82,100
98,100
84,100
82,100
76,100
76,100
70,100
98,100
88,100
90,100
91,100
74,100
78,100
83,100
98,100
77,100
80,100
80,100
83,100
89,100
83,100
74,100
100,100
78,100
83,100
100,98
94,100
75,100
79,100
95,100
93,100
73,100
81,100
70,100
77,100
94,100
76,100
77,100
89,100
74,100
92,100
85,100
79,100
84,100
88,100
91,100
70,100
91,100
97,100
80,100
79,100
81,100
72,100
98,100
77,100
100,96
98,100
91,100
74,100
95,100
94,100
80,99
84,100
86,100
93,100
92,100
95,100
100,98
93,100
79,100
86,100
87,100
72,100
95,100
75,100
93,100
71,100
68,92
81,100
83,100
99,100
80,100
78,100
92,100
83,100
84,100
72,93
81,100
97,100
82,100
87,100
90,100
85,100
88,100
82,100
86,100
89,100
88,100
87,100
89,100
76,100
89,100
81,100
81,100
77,100
78,100
86,100
91,100
76,100
83,100
74,100
100,100
88,100
85,100
80,100
90,100
100,98
87,100
79,100
89,100
89,100
87,100
84,100
70,100
78,100
74,100
67,100
97,100
79,100
73,95
80,100
75,100
88,100
85,100
70,100
75,100
100,100
79,100
97,100
87,100
79,100
84,100
77,100
100,98
70,100
85,100
90,100
77,100
89,100
89,100
85,100
74,100
95,100
78,100
75,100
78,100
99,100
94,100
82,100
100,100
75,100
95,100
81,100
87,100
82,100
100,95
100,98
90,100
77,100
75,100
85,100
84,100
71,100
71,100
75,100
83,100
83,100
80,98
83,100
94,100
86,100
87,100
69,100
83,100
70,100
67,100
70,100
100,97
96,100
84,100
71,99
94,100
78,100
94,100
87,100
73,100
79,100
78,100
100,98
92,100
86,100
73,100
75,100
72,100
83,100
90,100
76,100
77,100
100,98
83,100
87,100
89,100
97,100
92,100
72,100
78,100
87,100
76,100
84,100
88,100
81,100
74,100
85,100
82,100
85,100
86,100
78,100
78,100
87,100
86,100
82,100
78,100
81,100
74,100
74,100
89,100
100,99
69,100
100,96
83,100
76,100
86,100
78,100
96,100
90,100
99,100
83,100
97,100
92,100
71,100
79,100
81,100
84,100
87,100
94,100
84,100
93,100
98,100
81,100
88,100
88,100
75,100
88,100
73,100
83,100
74,100
82,100
75,100
71,100
83,100
85,100
94,100
100,99
84,100
100,97
96,100
97,100
97,100
92,100
83,100
85,100
70,100
80,100
86,100
77,100
85,100
100,97
90,100
93,100
75,100
80,100
79,100
72,100
85,100
81,100
76,100
100,100
93,100
92,100
90,100
69,98
73,100
75,100
74,100
90,100
93,100
100,99
100,95
83,100
81,100
97,100
81,100
86,100
87,100
100,100
88,100
93,100
75,100
95,100
100,92
86,100
93,100
76,100
71,100
96,100
70,100
70,100
100,99
82,100
75,100
98,100
90,100
86,100
79,100
77,100
95,100
81,100
74,100
89,100
91,100
76,100
84,100
88,100
85,100
90,100
72,100
100,88
92,100
71,100
95,100
84,100
76,100
95,100
79,100
85,100
91,100
95,100
93,100
75,100
75,100
69,100
80,100
100,100
75,100
91,100
83,100
77,100
83,100
92,100
85,100
78,100
72,100
98,100
91,100
87,100
78,100
81,100
73,100
71,100
79,100
77,100
65,100
77,100
81,100
100,94
80,100
79,100
100,95
89,100
100,96
78,100
85,100
72,100
95,100
77,100
82,100
89,100
75,100
93,100
98,100
73,100
81,100
89,100
76,100
79,100
79,100
73,100
84,100
78,100
95,100
100,95
94,100
76,100
95,100
96,100
78,100
89,100
93,100
80,100
93,100
93,100
70,100
84,100
91,100
85,100
96,100
93,100
76,100
100,96
75,100
99,100
79,100
81,100
69,100
77,100
77,100
91,100
78,100
92,100
69,100
88,100
85,100
74,100
100,91
71,100
98,100
98,100
93,100
79,100
89,100
100,98
92,100
90,100
79,100
99,100
68,100
72,100
84,100
73,100
99,100
86,100
88,100
86,100
88,100
84,100
78,100
79,100
87,100
95,100
93,100
78,100
99,100
86,100
86,100
78,100
75,100
79,100
98,100
74,99
43,75
39,76
68,100
58,90
55,83
57,88
48,76
52,82
53,78
59,100
54,84
76,100
73,100
72,99
54,81
52,79
48,84
60,98
52,77
54,79
70,96
58,94
58,88
52,80
64,95
55,78
77,100
39,72
56,93
67,98
57,83
52,78
57,85
66,90
69,100
65,100
60,91
53,78
57,83
58,85
52,81
48,76
49,77
57,85
66,86
48,77
55,82
40,78
55,81
74,100
47,77
45,73
70,94
52,82
41,77
65,100
64,85
57,91
55,84
64,95
53,78
69,100
67,100
56,79
71,100
54,80
46,74
38,74
46,76
61,89
51,76
61,88
60,90
53,80
74,100
56,82
59,85
51,81
47,76
60,100
58,92
56,90
52,79
70,100
57,82
51,81
51,82
39,71
60,85
68,93
62,91
76,100
65,89
37,69
44,73
71,100
57,82
58,84
58,87
56,82
64,100
53,79
52,77
42,76
44,77
48,79
51,76
49,75
60,86
75,100
65,92
71,100
71,100
52,80
70,90
52,82
64,88
61,86
49,79
79,100
58,84
67,90
58,81
72,95
49,79
51,83
70,91
68,91
46,79
68,100
57,83
55,85
51,79
40,78
59,81
61,88
57,83
50,78
50,80
70,100
69,100
50,79
67,99
74,100
54,79
48,75
35,71
56,86
65,94
76,100
61,100
67,96
56,84
57,85
69,88
72,100
59,87
67,100
59,87
48,80
68,100
68,96
42,77
48,78
55,88
75,96
50,79
65,95
61,92
70,94
43,74
50,87
49,83
66,96
70,100
53,78
63,90
50,80
46,76
61,89
56,80
64,91
51,82
58,85
48,79
55,87
53,82
50,88
56,83
72,100
67,92
70,91
59,90
61,93
58,81
68,100
57,89
59,85
56,81
68,100
64,88
53,80
57,83
54,79
55,90
58,93
59,94
57,90
48,74
64,92
50,79
47,75
59,86
60,91
70,93
72,100
53,81
39,75
60,87
67,100
49,78
47,80
53,82
49,77
47,76
57,79
48,82
64,89
51,78
61,90
62,94
55,80
42,78
63,96
54,82
68,99
55,78
70,100
65,92
50,76
71,100
59,90
49,80
49,78
65,93
66,90
65,93
69,92
57,92
68,100
51,78
40,75
70,100
52,80
41,70
74,99
66,100
61,93
50,78
73,100
60,87
55,84
74,97
66,97
59,87
53,82
69,96
39,73
71,100
71,94
76,100
61,88
45,78
65,95
53,77
58,85
52,81
53,88
66,92
53,84
58,89
56,86
52,81
78,100
48,79
45,76
67,95
60,100
65,89
70,99
47,77
57,84
48,77
59,93
49,81
46,74
67,90
52,83
34,70
65,97
59,90
70,100
49,83
62,93
58,86
50,77
57,82
60,88
60,87
55,92
56,86
50,78
48,80
57,83
77,100
49,81
55,83
56,81
73,100
51,78
54,80
55,82
34,71
49,78
52,79
57,86
54,79
50,77
56,89
49,82
75,100
66,96
50,77
51,84
56,85
49,77
70,97
52,78
60,91
68,91
63,97
66,97
64,92
51,87
49,76
68,100
50,76
71,100
52,78
52,79
62,86
58,100
51,82
66,99
51,80
49,79
46,75
62,91
49,76
55,89
61,88
58,94
62,90
57,87
54,83
67,100
62,90
60,93
54,86
53,78
54,82
49,80
71,100
61,99
48,75
44,75
67,90
51,89
53,85
46,78
60,89
40,70
46,76
42,77
54,81
47,75
58,82
55,82
73,96
58,86
58,91
53,86
54,81
60,89
72,91
63,100
74,99
59,88
34,69
67,96
68,97
62,94
62,90
39,78
59,83
56,83
66,87
58,84
57,81
61,89
69,92
51,79
46,75
62,90
33,69
65,92
48,78
45,73
59,84
56,94
53,83
58,85
74,100
56,81
54,80
70,94
47,84
57,87
57,84
48,83
39,71
46,76
42,74
61,87
74,100
64,96
43,78
66,93
50,79
50,81
66,92
44,74
41,72
64,92
47,79
50,83
55,79
60,88
53,80
55,80
45,79
47,81
66,100
55,86
60,87
42,73
71,100
51,81
56,81
50,76
85,100
67,93
47,83
54,84
57,91
59,90
73,100
61,90
66,94
65,97
47,75
48,76
66,91
42,78
57,79
50,85
52,82
59,89
65,97
58,86
67,100
54,85
56,94
46,73
50,84
52,80
56,88
47,77
49,78
37,73
66,90
55,81
62,93
50,78
55,57
49,77
54,83
55,91
55,80
44,73
66,96
59,90
53,83
65,87
55,89
48,76
60,86
51,79
70,94
42,73
59,89
74,100
59,83
69,99
71,95
64,93
49,75
74,99
55,87
60,90
54,80
78,100
60,93
54,87
82,100
60,88
48,80
59,94
54,77
75,100
54,90
48,75
53,79
68,97
62,93
56,92
58,82
50,84
54,82
51,78
59,88
63,93
56,83
52,79
62,94
51,87
52,79
48,75
57,86
56,84
63,92
68,100
34,74
70,97
60,86
50,80
55,81
57,79
61,87
64,93
49,77
43,74
49,76
50,80
57,78
56,83
53,84
58,87
35,70
56,81
69,95
59,89
67,100
49,85
38,72
57,89
51,78
44,72
67,100
60,95
70,99
52,81
43,75
56,86
38,73
41,73
69,100
68,100
63,91
61,86
50,80
52,85
76,100
53,86
36,69
58,84
48,77
56,80
66,88
52,79
61,89
56,85
49,85
62,85
70,92
66,96
53,79
61,94
66,99
45,73
63,92
67,100
45,74
52,83
71,96
69,91
61,89
75,100
63,92
62,93
65,87
49,82
56,83
59,89
52,83
52,85
60,87
72,100
70,100
59,91
49,76
58,84
63,100
60,90
46,75
57,82
42,72
42,75
63,86
55,83
55,82
49,86
65,100
59,89
61,92
72,96
68,96
71,93
64,98
63,92
67,98
48,75
62,96
73,97
55,86
78,100
51,82
78,99
64,100
58,87
70,89
53,87
68,100
58,86
67,97
52,82
58,82
55,92
50,76
54,81
62,90
61,85
56,81
55,82
52,81
65,91
56,81
55,81
52,85
63,100
55,85
76,100
69,100
55,81
78,100
48,80
66,98
51,85
62,93
53,80
63,98
66,86
60,85
53,80
52,85
57,84
58,84
68,100
48,75
45,73
53,80
40,78
52,78
50,77
62,90
69,100
57,87
57,86
46,78
62,83
62,91
80,100
55,87
72,100
60,96
58,85
49,77
55,82
46,81
59,80
69,95
50,77
51,77
52,87
51,78
54,82
93,100
56,83
80,100
57,97
53,86
70,100
78,100
52,77
50,90
74,100
59,89
70,90
48,76
72,100
50,76
56,78
57,80
49,77
58,80
69,91
60,81
54,81
57,85
58,81
61,89
41,73
66,91
56,88
58,83
55,81
56,88
56,90
79,100
38,72
59,80
66,91
56,89
63,83
44,78
76,99
65,93
61,88
53,83
58,85
75,98
49,77
54,80
53,86
52,77
53,81
85,100
96,100
68,100
62,81
63,89
45,81
65,91
62,91
55,85
86,100
57,85
59,89
52,84
51,79
44,72
64,89
59,87
54,85
64,91
58,80
68,87
73,100
54,82
68,94
57,87
77,100
55,85
68,96
59,87
58,79
75,100
66,100
65,98
67,100
67,99
52,82
59,88
60,87
61,83
56,82
49,77
64,85
54,81
60,80
55,86
51,83
51,76
69,98
53,80
54,85
65,92
58,88
49,76
63,93
70,100
61,85
57,81
70,100
64,92
63,90
63,92
52,81
48,75
52,83
63,88
70,93
49,78
68,99
69,100
68,95
61,90
64,91
79,100
53,76
37,77
63,85
74,100
53,81
61,81
76,100
51,79
52,78
68,96
60,87
67,89
53,82
62,84
59,89
65,100
53,77
68,92
55,84
63,89
50,76
66,93
58,83
58,85
99,100
70,100
66,100
71,93
57,90
46,78
59,88
62,90
81,100
54,80
71,100
54,80
68,95
64,83
68,97
56,84
50,80
74,96
56,87
54,85
64,100
78,100
66,90
57,83
73,100
54,82
67,92
77,100
49,77
47,74
60,80
56,80
73,100
59,80
69,98
59,87
55,82
63,91
73,100
59,84
70,94
72,100
61,87
55,80
59,86
92,100
80,100
71,100
64,87
69,98
73,100
63,82
56,85
61,90
82,100
58,85
69,92
52,90
65,99
45,74
56,80
50,79
63,91
66,94
54,87
51,78
61,90
55,82
50,78
53,100
51,80
62,85
47,75
61,97
64,94
54,79
58,79
59,87
54,83
51,83
60,83
54,80
58,93
50,78
49,76
54,89
72,98
52,78
68,90
63,90
65,100
60,91
72,95
51,84
50,80
66,95
45,84
55,84
53,83
53,80
50,77
47,76
53,78
55,86
71,97
47,75
57,83
48,75
77,100
59,87
64,89
56,81
76,100
69,92
65,86
69,99
75,100
47,75
49,79
51,83
81,100
72,100
53,80
68,99
53,77
83,100
52,77
95,100
54,80
76,100
55,78
51,76
73,100
60,80
58,83
57,83
66,94
75,96
60,81
68,97
51,76
59,81
68,100
68,94
57,85
55,83
58,91
59,86
51,77
59,94
63,83
59,87
53,84
58,88
73,100
52,77
62,88
67,100
57,79
60,92
43,81
64,96
52,79
58,85
56,84
52,78
69,85
61,88
61,81
51,77
51,80
51,77
68,97
79,100
83,100
69,90
54,80
64,91
59,80
51,83
42,71
62,90
