87,13,26,50,57,25,100,22
89,6,36,46,36,26,92,7
100,40,0,84,27,70,76,1
100,23,19,69,56,36,99,18
100,22,5,71,18,54,73,0
92,64,0,100,12,92,61,0
100,41,9,85,35,65,76,0
98,19,32,60,38,41,94,4
100,32,7,81,47,53,93,1
100,29,31,71,19,54,81,0
100,38,0,81,14,74,91,9
91,21,9,64,9,61,100,0
97,63,0,100,4,92,63,12
97,39,18,91,27,62,100,0
100,38,16,78,15,81,73,0
95,31,0,79,45,56,100,10
100,56,0,90,13,86,68,15
100,28,8,70,49,51,83,8
71,3,55,30,68,13,100,24
100,54,7,99,28,80,82,0
77,0,44,34,48,23,100,15
85,18,37,51,31,32,95,5
100,55,6,98,16,78,59,0
82,11,64,41,30,30,100,4
72,5,50,33,47,20,100,19
100,33,0,74,34,62,76,0
93,21,48,55,33,35,93,8
100,36,21,89,22,55,98,0
100,32,10,76,67,34,97,19
100,30,0,71,31,57,88,5
100,34,20,83,38,53,73,5
100,43,0,90,10,74,97,2
74,65,32,100,10,80,86,0
94,33,0,79,27,62,100,2
70,9,63,37,50,21,86,17
80,66,6,100,0,86,56,5
100,46,0,84,11,79,50,0
93,44,7,100,24,61,87,0
99,48,23,100,17,73,96,0
100,39,0,83,9,76,86,1
100,31,8,73,7,62,86,0
83,0,34,37,63,12,77,30
97,23,31,63,23,53,83,0
88,2,45,40,89,2,100,38
100,20,50,61,7,51,89,0
78,64,16,100,6,90,74,0
80,0,36,33,84,9,81,39
100,33,0,77,31,64,88,6
100,26,17,72,44,41,97,9
79,46,0,96,27,63,100,0
100,30,14,67,23,52,85,0
87,11,45,51,20,50,85,0
100,54,26,93,13,82,54,0
100,23,14,70,43,43,97,3
76,6,49,37,36,27,100,3
89,16,17,56,33,39,95,4
100,16,47,56,81,10,90,29
100,40,0,87,38,75,85,13
97,57,0,100,35,87,85,22
94,9,46,47,36,27,84,9
100,38,0,96,48,49,77,19
86,3,34,42,34,24,89,14
87,75,4,100,0,100,67,14
100,49,0,90,17,81,82,3
100,43,5,79,0,88,70,1
63,0,85,25,70,6,91,25
100,51,0,89,19,77,66,3
94,27,0,65,31,54,93,7
92,23,35,58,20,38,85,3
100,47,7,90,34,65,76,0
83,7,43,44,46,32,94,13
100,10,19,58,40,23,94,22
100,25,17,65,38,47,96,6
46,0,90,11,80,0,88,43
100,16,29,61,25,43,100,0
100,30,18,73,12,66,55,0
100,27,25,69,32,51,90,0
91,18,30,56,21,40,100,0
63,0,61,22,47,21,100,11
100,37,0,83,18,69,99,6
95,59,0,100,27,80,82,5
100,10,35,55,59,25,90,16
95,18,31,56,71,24,100,29
100,51,6,94,6,73,83,0
100,24,26,63,62,34,88,20
70,67,11,100,11,84,84,0
100,30,7,75,31,57,83,0
100,61,14,100,3,89,70,0
100,23,19,69,31,59,78,0
100,44,12,85,12,77,73,0
100,48,0,97,9,69,96,1
100,33,16,76,15,67,80,0
100,25,19,66,29,47,94,2
84,65,10,100,0,91,59,9
92,8,38,50,26,33,91,0
82,4,28,43,39,25,96,14
100,37,20,86,51,54,92,12
92,27,0,66,43,41,100,8
84,18,46,49,9,28,100,4
100,27,7,70,37,53,84,0
99,28,7,75,69,31,100,22
82,8,28,46,54,34,82,12
100,35,6,75,0,75,88,10
100,31,26,71,1,68,90,0
100,57,0,93,31,82,71,2
90,71,0,100,30,90,49,24
100,16,30,60,56,39,92,15
74,0,42,35,39,26,90,14
83,47,12,100,31,62,99,1
100,31,4,76,26,61,92,0
100,25,34,68,11,53,85,0
83,14,11,55,29,52,100,0
96,18,4,63,47,50,100,0
100,24,36,62,50,29,91,16
100,35,13,88,11,66,100,0
100,44,0,82,10,90,80,12
100,26,20,69,25,52,84,0
99,22,15,66,43,44,100,9
100,38,0,78,12,83,78,7
88,57,0,100,16,84,76,2
100,44,0,90,21,77,73,8
100,37,17,82,9,70,77,0
100,38,0,80,29,79,96,15
64,0,68,24,81,3,100,29
90,75,0,100,25,89,40,21
100,36,1,81,17,63,100,0
100,56,0,96,31,77,72,12
79,0,37,38,25,21,77,15
100,34,0,76,27,67,82,3
100,25,34,63,23,41,96,5
95,16,12,55,25,14,86,19
91,15,44,52,31,37,91,1
90,20,11,56,43,29,95,8
90,20,47,53,32,29,100,6
100,29,10,71,30,52,94,0
76,4,60,36,46,24,99,12
100,60,8,98,0,92,73,12
100,27,19,64,22,36,99,7
100,27,14,75,60,34,82,21
100,41,15,82,19,63,77,0
82,63,0,100,15,89,79,8
100,31,0,81,62,56,90,15
100,48,0,90,11,78,82,6
100,45,0,88,27,73,84,12
92,21,12,62,23,52,100,0
100,49,17,95,7,74,69,0
71,2,38,33,70,6,100,27
100,29,16,67,0,65,97,2
94,35,6,81,13,70,100,0
99,68,0,100,25,100,57,20
64,0,72,26,37,18,100,8
100,36,0,78,30,71,83,8
97,68,0,100,7,99,54,8
86,18,48,51,47,9,100,17
100,30,16,76,18,66,91,0
100,15,37,57,62,28,98,22
86,10,9,53,14,40,86,0
100,35,8,79,4,70,88,0
100,30,4,87,32,57,86,0
100,61,0,97,11,87,80,10
100,29,0,78,46,63,88,24
87,61,14,100,0,76,90,3
96,4,24,51,27,30,100,6
91,13,32,53,44,35,94,6
100,50,1,93,16,73,68,0
100,22,25,64,17,50,96,0
100,27,33,65,58,29,96,17
89,15,40,51,51,28,100,16
90,8,27,51,49,33,100,10
83,51,0,100,38,75,99,6
82,6,26,45,30,30,88,7
100,25,30,65,37,39,92,6
100,34,0,79,45,59,98,13
100,55,0,94,21,81,73,12
100,45,14,89,0,73,89,4
90,0,47,37,82,10,87,36
97,17,8,65,35,42,97,8
100,25,19,64,74,20,95,21
85,9,47,44,42,32,100,12
100,29,14,75,23,58,100,0
94,49,17,100,18,71,86,0
98,21,35,59,59,29,100,12
100,45,0,90,47,80,89,20
87,25,23,65,56,24,100,19
100,32,6,80,30,54,71,4
81,9,46,42,38,29,100,10
100,37,5,80,11,71,83,0
82,8,26,47,31,37,100,0
100,54,12,93,27,90,51,0
100,30,12,75,26,54,65,0
93,68,0,100,5,100,56,5
100,55,0,100,13,79,92,6
100,49,0,95,36,86,96,23
79,14,47,43,32,30,100,9
83,51,27,100,1,80,92,0
100,53,4,100,31,69,92,0
87,19,19,65,40,41,100,6
86,61,13,100,15,80,80,0
99,27,10,72,32,57,89,0
91,19,39,53,40,22,100,13
78,7,46,38,63,3,100,23
98,39,0,87,18,69,100,8
100,54,0,92,5,89,65,2
100,40,14,78,23,69,72,0
100,23,31,61,75,16,72,25
100,39,10,84,19,71,78,0
99,23,8,65,42,44,96,10
100,35,9,84,23,66,97,0
80,13,15,50,16,23,100,9
100,27,39,76,12,67,78,0
100,43,27,81,0,78,51,8
100,35,3,79,7,67,88,0
90,62,3,100,15,76,67,0
98,28,7,72,10,40,100,1
100,17,33,58,63,22,99,25
100,30,24,73,14,65,81,0
79,3,44,39,38,33,100,4
100,50,0,87,25,93,72,15
100,30,6,76,29,51,74,1
100,26,6,70,40,55,94,0
86,14,48,46,53,23,91,19
100,41,9,88,6,72,90,0
100,21,30,67,57,37,91,22
82,6,26,44,32,30,100,6
100,41,0,82,32,79,92,21
92,11,27,53,24,31,84,6
93,20,25,60,31,42,100,0
100,24,21,64,42,39,99,8
82,13,37,45,40,20,100,16
91,30,0,82,38,62,100,12
93,27,15,70,17,59,100,0
80,5,42,42,15,41,100,0
100,53,0,92,17,86,72,16
99,24,26,64,20,48,86,0
100,58,0,99,15,79,78,6
80,74,0,100,45,85,67,19
100,23,10,67,47,46,98,5
100,30,13,75,12,66,87,0
61,0,79,21,88,0,95,43
100,0,27,51,46,30,94,16
82,0,44,36,56,18,97,16
100,26,26,68,17,47,83,2
100,24,0,74,52,55,95,8
100,42,0,85,27,79,87,18
77,48,8,100,33,62,83,1
82,0,42,38,51,24,99,17
100,22,18,69,54,40,98,14
100,34,6,75,5,67,75,0
100,28,2,73,27,60,92,0
100,30,13,74,26,63,92,0
100,22,17,66,42,44,94,1
65,0,71,26,79,7,100,28
56,0,68,16,97,0,95,48
90,62,0,100,24,89,77,18
74,7,65,34,55,16,100,21
87,14,17,53,35,38,100,5
100,35,9,81,56,50,88,10
100,43,12,89,21,69,77,0
100,54,0,94,29,85,74,9
81,4,21,46,32,32,100,7
100,30,13,69,7,61,96,0
79,0,54,33,52,20,84,19
100,56,0,97,16,86,80,9
92,25,19,70,34,45,100,2
99,26,7,71,20,58,100,0
99,24,39,62,15,37,100,1
100,21,5,70,49,46,99,5
93,58,0,100,4,82,94,7
75,71,7,100,19,79,75,0
100,54,21,97,3,77,69,0
75,62,0,100,36,76,73,12
100,30,25,70,14,62,76,0
97,30,2,77,33,54,100,0
100,59,0,96,2,89,37,8
92,15,28,54,41,33,100,9
100,24,25,64,48,35,99,17
100,42,3,91,30,66,96,0
100,25,0,77,63,42,97,19
100,29,26,70,9,62,93,0
90,61,14,100,4,84,76,0
94,19,36,56,49,30,100,13
71,0,65,24,62,19,96,24
85,9,43,43,59,21,87,23
100,26,17,73,20,69,75,0
98,14,24,58,75,19,100,30
76,0,48,33,44,28,86,14
100,56,0,95,32,83,68,20
100,25,13,67,35,42,91,4
99,56,7,100,14,87,81,0
100,43,21,99,31,64,90,0
93,25,27,63,18,58,84,0
65,69,13,100,25,83,76,0
100,34,19,80,45,46,78,6
100,63,0,97,8,89,66,17
100,50,17,82,0,86,58,18
79,15,69,45,48,18,91,20
86,19,8,59,29,41,100,8
100,32,18,72,58,33,89,15
88,17,0,56,40,43,100,9
100,29,4,70,48,44,97,13
100,31,19,72,9,63,85,0
68,67,29,100,13,92,76,0
92,15,18,56,51,34,97,10
100,49,0,90,2,74,86,4
100,25,15,68,21,50,99,0
100,34,12,78,23,51,77,0
100,30,13,73,26,67,73,0
85,13,37,49,32,35,95,1
89,19,15,59,36,40,100,5
92,10,46,50,26,35,89,0
71,6,59,36,38,27,92,11
48,0,78,13,68,1,100,29
100,24,19,70,46,45,93,9
100,25,32,69,14,58,79,0
94,16,24,57,30,33,97,12
100,41,22,90,30,70,86,0
100,40,0,89,35,62,89,3
94,17,26,60,50,36,100,10
90,15,26,61,34,40,100,0
100,24,16,69,39,40,79,8
100,30,24,76,36,56,52,0
100,29,21,70,34,49,86,6
100,6,22,56,62,30,91,17
100,28,6,73,26,53,99,0
90,10,53,44,34,32,100,2
78,0,44,30,65,15,84,31
81,75,1,100,18,89,68,0
93,19,30,60,12,49,100,0
80,0,32,37,55,18,89,23
100,34,9,83,29,57,82,0
100,44,1,84,21,72,71,0
100,39,0,83,21,75,85,1
100,61,0,96,34,83,86,22
100,25,44,67,10,58,75,0
100,37,12,80,4,74,77,0
100,36,0,85,15,64,95,7
76,48,1,100,24,71,91,0
60,0,63,24,62,2,100,22
100,38,0,85,13,67,76,1
100,54,0,90,1,79,63,3
87,56,1,100,22,74,73,0
60,0,76,24,48,12,100,15
100,43,0,91,27,70,88,2
100,17,0,65,57,39,94,18
100,47,2,95,17,74,56,0
80,60,7,100,34,83,82,0
58,0,66,14,100,0,81,56
77,8,52,41,27,33,100,0
95,28,11,71,8,58,96,0
100,27,0,72,25,48,93,5
88,5,16,47,85,13,100,23
72,2,66,31,51,20,100,18
90,22,23,66,49,36,100,16
100,37,20,83,11,68,78,0
70,0,67,29,62,25,83,21
100,55,9,95,0,77,58,0
100,31,16,75,10,65,89,0
100,21,32,63,54,38,89,17
86,11,33,54,16,53,100,0
79,7,36,42,37,26,100,11
98,25,13,69,48,43,100,12
100,22,21,66,44,46,94,6
92,62,0,100,20,95,71,6
100,23,23,67,32,51,85,0
72,6,49,38,49,18,91,14
73,10,60,40,28,35,83,5
67,0,51,26,78,2,100,29
91,20,39,54,43,13,100,15
99,31,0,85,37,58,100,1
100,20,35,62,49,39,83,11
74,0,61,28,59,15,100,19
94,64,0,100,16,87,69,8
99,58,10,100,5,81,73,0
100,27,15,71,40,45,90,0
90,8,50,47,61,15,100,18
100,50,3,98,17,84,98,0
66,0,51,25,86,9,100,34
89,22,11,66,41,39,100,5
95,62,0,100,29,90,67,7
99,42,0,93,51,63,100,17
100,44,0,99,40,62,81,5
100,54,7,88,4,99,58,0
100,56,0,93,49,78,74,14
100,37,0,83,17,66,97,3
100,36,0,79,26,72,89,13
73,0,57,32,68,22,89,20
100,38,0,81,39,74,84,17
99,20,0,71,25,51,100,2
90,17,17,59,38,40,100,1
100,16,29,58,50,25,99,21
100,28,18,70,30,55,90,0
100,18,26,62,23,44,79,0
100,29,26,77,48,43,87,13
97,17,21,58,55,29,100,9
98,38,0,81,29,78,100,18
88,72,0,100,9,95,45,30
100,46,16,85,6,74,59,0
100,39,5,84,39,67,77,0
84,55,23,100,13,86,74,0
100,53,12,95,1,84,66,0
67,1,77,31,65,6,92,19
92,19,28,64,0,58,100,1
97,19,22,62,72,26,100,25
100,30,23,78,21,60,97,0
100,46,5,97,9,75,97,0
94,15,40,58,7,56,98,0
61,0,64,20,58,11,100,18
100,25,21,68,31,51,87,0
73,8,43,39,42,2,100,18
100,46,19,85,0,77,64,2
100,37,0,85,36,66,95,10
94,18,31,57,26,36,88,9
87,0,48,36,73,16,94,26
100,26,15,71,21,56,81,0
100,24,5,67,35,49,84,0
100,48,0,94,35,71,92,12
100,56,0,95,26,87,86,20
86,38,5,85,32,60,100,0
100,18,24,61,72,22,97,23
100,28,1,76,43,60,75,0
78,67,3,100,16,80,68,0
73,61,10,100,25,79,90,0
100,27,18,73,39,46,93,0
89,5,44,52,21,58,78,0
100,41,8,85,0,78,94,9
100,34,5,81,36,61,97,0
95,20,33,58,31,34,100,2
100,48,0,89,32,73,74,8
91,33,18,80,29,59,100,0
97,40,0,88,52,72,100,21
66,0,48,29,26,25,100,3
100,38,2,80,19,64,78,0
89,19,21,55,50,24,100,9
100,40,14,83,8,74,72,0
95,25,21,65,44,35,100,15
91,64,0,100,26,97,64,22
87,5,34,45,58,18,100,17
82,0,34,38,32,22,100,12
100,45,5,93,40,65,82,0
86,14,33,50,19,33,82,2
93,16,28,56,56,28,100,17
100,39,0,85,41,70,91,15
100,51,7,89,0,85,67,8
88,70,0,100,26,92,91,19
100,26,21,69,38,40,64,8
77,2,42,39,35,36,93,2
100,35,25,80,25,65,72,0
71,0,57,28,35,21,83,18
98,22,23,62,70,25,100,25
86,8,37,45,65,22,100,22
100,50,0,92,27,81,73,15
100,26,12,73,22,43,98,2
81,2,52,40,73,20,90,24
58,0,79,23,61,10,100,21
98,48,12,95,0,75,100,3
97,14,37,56,38,36,100,1
79,10,45,42,51,19,100,17
100,32,7,76,42,45,81,7
100,26,8,69,40,44,100,3
100,44,16,89,15,64,85,0
100,28,18,74,66,45,88,16
100,21,15,66,32,46,64,0
93,17,33,55,27,39,99,2
100,34,0,79,44,55,79,19
100,30,11,72,27,58,97,0
93,19,55,53,23,37,96,0
100,25,4,70,40,35,98,17
100,29,31,66,48,37,86,16
77,61,1,100,26,74,79,0
97,21,0,68,46,53,100,4
96,20,25,59,21,32,100,4
100,55,9,96,14,84,73,0
100,47,0,92,14,78,63,1
100,37,16,88,39,71,100,0
53,0,78,15,86,0,100,56
100,56,1,95,9,74,77,0
90,4,32,47,56,28,100,11
100,12,20,58,61,25,95,20
71,64,22,100,3,84,77,0
100,25,25,65,30,50,96,0
90,31,11,78,44,50,100,8
89,24,30,59,28,32,100,4
95,11,38,50,71,15,95,25
77,13,29,45,38,26,100,10
100,11,42,58,28,47,96,0
97,20,36,59,27,38,96,0
79,5,28,43,38,33,100,11
85,57,7,100,15,74,89,0
99,28,1,72,30,49,100,0
82,6,45,43,70,11,100,21
86,16,20,52,21,29,100,0
81,0,39,35,59,21,86,26
100,60,7,99,26,72,64,0
100,30,14,70,5,61,91,0
88,0,43,38,85,10,84,39
100,28,16,73,13,54,83,0
95,43,7,94,8,72,100,0
84,11,49,44,42,24,96,17
100,37,14,83,20,68,81,0
92,22,44,55,31,28,100,12
80,14,17,53,46,35,100,11
100,24,23,70,36,48,82,0
100,47,2,84,11,89,70,0
97,24,5,68,30,63,89,0
88,10,44,48,61,15,100,16
100,55,0,99,19,75,90,4
100,35,0,80,24,74,95,3
100,27,12,67,34,41,84,9
100,34,15,87,13,67,100,0
100,49,18,93,0,73,63,7
67,59,11,100,25,76,93,0
100,22,21,67,43,43,91,9
74,66,26,100,26,81,67,0
95,58,0,100,5,83,87,5
97,55,9,100,8,70,87,0
97,65,0,100,9,91,67,16
100,29,32,74,23,60,73,0
98,45,0,90,50,84,100,20
96,20,31,60,56,34,100,17
98,22,24,60,48,29,98,16
100,23,23,64,87,18,95,28
91,59,11,100,16,74,78,0
94,60,0,100,25,75,79,5
100,53,13,98,6,78,91,0
100,43,0,84,18,83,84,15
80,66,15,100,0,88,82,8
100,26,23,70,19,55,91,0
87,11,9,49,53,9,100,21
100,27,20,71,32,42,91,11
98,25,20,71,31,43,100,0
100,38,14,78,13,67,71,0
100,38,0,80,33,78,89,19
100,35,18,81,64,37,93,25
91,16,28,56,23,44,100,0
100,27,2,76,50,49,98,10
100,29,3,72,31,64,89,0
95,57,0,100,28,83,92,12
100,54,17,92,0,78,59,3
82,6,28,44,51,31,100,10
100,26,0,76,53,50,87,14
87,19,47,51,54,15,96,23
100,31,7,73,12,60,95,0
94,32,11,75,24,57,100,0
97,21,28,60,60,28,100,13
100,21,24,63,28,28,97,20
100,30,5,84,41,57,90,0
100,57,0,91,12,93,67,14
99,60,0,100,16,77,67,0
100,35,3,79,1,65,76,0
96,18,27,58,37,35,100,10
85,66,0,100,13,81,57,3
100,56,0,99,7,82,72,1
100,68,0,100,12,99,54,21
100,41,10,89,22,70,95,0
100,23,26,63,70,28,96,20
100,44,13,94,27,70,86,0
100,50,0,91,15,89,76,5
97,21,26,60,69,25,100,21
96,22,20,62,52,41,85,10
100,24,39,67,22,46,89,0
91,18,36,59,2,53,100,0
81,9,42,44,49,25,94,10
78,0,38,37,43,29,95,12
100,27,27,67,14,54,73,0
100,24,15,69,51,35,88,14
77,0,36,38,34,32,100,0
83,12,62,46,34,34,93,7
78,71,10,100,3,90,77,2
100,44,0,90,51,79,99,28
100,32,14,80,17,64,94,0
100,59,10,95,0,93,71,1
100,32,10,79,31,61,93,0
100,63,0,99,14,85,61,12
100,29,15,72,36,40,98,8
100,38,1,81,8,61,87,0
85,60,10,100,20,84,67,0
92,16,38,57,15,47,100,0
100,33,0,72,19,60,86,9
71,5,43,37,79,11,86,27
100,52,3,95,10,75,73,0
100,49,0,93,40,85,88,23
97,22,16,61,59,32,100,17
80,7,40,42,42,30,100,8
88,17,30,53,21,35,83,0
100,34,5,76,3,64,88,0
86,25,7,65,24,41,100,5
100,32,0,76,37,60,90,5
100,30,0,72,13,62,99,0
99,33,8,82,50,49,100,5
100,20,50,59,33,39,96,6
100,54,13,93,0,89,75,14
100,35,5,76,7,76,59,0
100,29,8,76,12,59,62,0
74,58,13,100,26,69,89,0
100,30,3,76,16,62,90,0
95,45,0,93,45,73,100,23
100,22,17,66,68,36,92,22
98,65,0,100,20,99,62,15
97,17,43,55,41,33,100,11
100,52,0,86,22,89,62,16
100,22,34,67,15,51,100,0
100,34,4,80,42,55,87,3
100,41,6,87,26,77,68,0
66,0,62,27,60,14,100,19
100,42,0,81,26,80,66,13
90,22,11,60,53,30,100,15
96,18,13,60,81,18,100,22
96,21,16,60,59,31,100,12
100,58,0,95,17,92,69,0
100,40,0,90,18,65,95,6
63,0,69,22,93,0,95,40
96,54,11,100,20,73,73,0
97,65,0,100,5,93,70,8
100,20,29,61,66,24,98,24
100,19,6,66,31,52,70,0
87,11,11,53,35,41,100,9
98,26,18,66,17,51,89,0
85,6,24,47,25,29,100,9
69,0,41,31,49,17,100,20
77,10,51,41,52,3,100,16
100,36,0,80,25,64,94,0
95,65,15,100,29,83,50,0
81,8,29,46,32,31,87,12
73,0,45,28,32,15,89,14
100,46,0,86,17,84,74,20
78,1,30,39,40,30,100,12
99,47,10,100,22,76,99,0
75,10,21,48,30,36,100,3
85,27,0,67,38,65,100,20
92,66,0,100,15,96,70,20
84,1,36,40,68,17,96,20
100,34,6,86,26,62,93,0
89,15,20,56,25,39,88,8
94,22,8,63,17,53,100,0
99,24,40,62,18,41,95,0
100,32,12,72,23,68,76,0
100,28,6,68,15,48,95,0
100,27,24,73,20,59,100,0
100,48,0,91,41,86,100,25
86,55,10,100,10,70,97,0
91,0,32,45,60,23,100,18
100,29,0,70,35,58,77,6
85,16,30,53,23,42,95,0
100,26,5,70,39,49,96,4
100,40,7,80,6,76,78,0
88,68,0,100,16,81,74,0
100,35,0,80,38,66,87,11
100,45,0,87,25,88,92,30
100,30,29,74,21,61,69,0
100,57,0,98,16,94,92,11
95,21,15,64,30,57,95,0
100,29,0,72,23,64,93,1
100,32,5,74,24,70,77,0
84,18,3,57,40,40,100,5
89,17,42,51,44,29,100,14
100,27,0,69,50,46,100,15
100,32,7,75,19,63,91,0
80,9,44,41,56,13,100,19
79,57,2,100,23,74,90,0
100,66,0,98,42,93,67,16
100,54,0,94,26,89,83,18
85,6,28,46,33,30,100,0
100,28,18,74,3,60,95,0
100,69,0,99,28,85,63,25
100,54,8,100,20,77,77,0
100,34,20,86,4,70,70,0
98,24,0,66,47,47,85,18
89,7,33,46,75,13,100,26
100,24,21,76,40,44,99,0
82,0,46,38,67,14,100,19
93,63,0,100,18,96,59,9
73,67,0,100,18,87,90,11
91,72,0,100,17,95,63,6
99,23,0,67,34,49,89,3
100,51,8,93,20,78,71,0
100,11,17,56,42,24,93,19
100,34,6,76,33,52,86,0
95,57,10,100,27,65,83,0
95,24,19,66,10,60,100,0
100,53,19,96,29,70,80,0
100,40,12,90,29,68,97,0
100,28,20,67,15,52,84,0
100,36,7,76,25,68,76,0
78,0,63,30,62,7,100,25
65,0,79,27,78,5,99,21
78,3,54,36,56,23,97,15
100,35,23,89,23,58,97,0
95,17,27,60,26,47,94,0
60,0,79,27,52,12,100,12
100,30,18,72,10,51,98,0
98,63,0,100,14,81,72,5
86,11,39,48,24,43,96,0
63,0,92,21,98,0,89,53
88,62,11,100,20,83,57,0
70,0,73,27,79,0,98,30
63,0,76,25,79,9,100,27
100,36,19,84,54,50,98,17
89,29,0,69,44,63,100,20
73,0,68,31,75,0,100,31
95,42,4,92,33,62,100,2
100,61,0,98,21,79,65,9
100,30,0,71,19,62,90,2
52,0,88,12,77,3,96,27
99,20,31,62,73,22,100,24
100,35,13,85,16,68,86,0
73,4,69,34,57,19,93,18
93,16,51,53,27,38,94,1
88,4,40,43,62,23,81,22
100,49,6,88,21,77,66,0
93,16,25,57,25,41,100,1
83,12,36,47,59,24,93,14
65,0,92,29,70,12,97,16
90,35,0,85,31,60,100,2
98,20,37,60,31,40,94,0
100,53,0,97,24,77,84,2
100,44,13,81,27,60,69,0
100,29,35,70,19,50,86,0
52,0,86,14,70,0,96,26
100,35,14,82,35,51,83,0
100,62,0,97,9,78,56,6
92,13,0,56,46,23,100,28
87,31,22,80,41,50,100,3
47,0,89,6,93,0,84,52
68,0,67,26,67,4,100,25
98,22,15,68,32,56,100,0
100,44,13,86,15,69,75,0
100,44,14,89,24,61,84,0
75,3,61,34,35,2,93,23
100,32,21,77,18,68,67,0
99,31,0,77,22,60,100,1
97,18,10,66,35,52,100,0
93,14,32,53,45,36,97,9
88,66,0,100,32,91,90,21
59,0,89,23,78,6,100,20
99,20,39,59,46,32,100,10
85,9,23,51,35,41,100,2
100,43,0,85,34,84,92,16
100,34,0,73,12,68,88,4
100,38,0,84,20,69,88,1
60,0,79,21,62,12,100,14
75,25,13,67,26,50,100,0
100,43,5,89,14,71,86,0
100,45,0,94,44,68,95,23
100,16,24,63,34,45,91,0
100,25,20,68,26,58,95,0
100,31,5,72,13,67,88,0
83,81,0,100,35,87,84,24
98,18,23,59,46,29,100,18
100,12,27,56,50,25,98,22
100,40,29,80,19,52,81,0
100,33,16,77,31,61,89,0
100,35,0,79,23,68,93,5
85,11,14,48,61,15,100,23
63,0,77,27,67,12,100,22
86,11,46,47,44,30,99,11
100,24,29,67,15,57,98,0
81,7,33,43,62,21,93,16
94,20,29,58,29,36,99,8
100,27,5,73,48,49,97,9
100,32,15,79,28,55,95,0
92,12,41,50,35,34,98,6
90,70,0,100,11,85,55,13
88,78,0,100,19,92,59,22
97,62,0,100,19,86,85,20
56,0,88,15,71,8,76,34
84,50,8,100,24,83,76,0
95,16,39,55,40,35,100,11
56,0,88,19,97,0,76,57
100,35,0,76,14,73,85,0
99,64,0,100,19,85,64,10
100,29,24,67,34,47,75,0
100,36,0,79,31,68,81,1
60,0,70,15,67,9,100,26
86,12,62,46,67,15,93,26
100,61,0,100,14,84,78,7
100,44,9,83,24,66,73,0
100,30,4,73,26,61,88,0
100,51,0,92,22,77,88,15
100,47,7,88,11,71,82,0
64,0,79,29,45,19,100,4
96,25,1,64,22,40,100,0
83,10,58,42,58,14,100,19
100,42,0,93,34,72,91,8
57,0,86,20,64,10,100,15
100,39,23,80,12,74,77,0
60,0,79,20,74,2,92,30
100,27,35,64,11,41,90,1
96,16,48,54,52,33,89,15
100,44,0,83,13,75,72,1
96,14,36,53,61,26,98,20
87,18,49,52,53,26,86,14
59,0,87,18,78,3,100,26
92,10,21,54,38,32,100,7
97,32,0,73,10,60,100,0
100,53,14,92,2,73,60,0
100,38,0,84,42,66,99,10
86,5,57,42,68,19,100,23
95,29,24,66,45,31,100,10
96,57,0,100,20,78,95,10
97,44,10,94,58,62,100,11
100,41,0,87,27,66,93,7
99,31,17,79,23,58,100,0
92,6,29,49,58,32,100,15
100,36,5,84,23,61,97,0
100,41,0,79,32,70,58,21
86,73,0,100,19,83,69,14
86,12,51,46,47,27,79,16
84,49,13,100,38,70,99,0
100,52,0,98,27,82,94,15
100,46,14,93,3,67,96,0
78,4,35,38,58,18,100,17
100,36,5,80,11,72,94,0
99,22,32,61,56,33,99,18
89,50,11,100,33,69,88,0
100,35,28,81,49,56,92,8
100,41,16,79,12,74,60,0
98,57,28,100,19,77,81,0
82,52,6,100,40,71,94,0
100,14,25,59,26,32,98,14
100,37,7,78,16,77,75,0
100,40,0,86,32,72,88,11
92,20,21,57,27,45,100,0
100,12,26,55,61,22,97,21
100,29,9,71,27,53,96,0
98,9,11,55,16,27,98,10
100,52,0,99,16,76,74,0
74,58,12,100,24,79,80,0
85,11,23,51,31,37,100,0
100,52,15,93,15,71,58,0
100,24,23,70,39,41,90,4
100,28,12,69,26,54,88,0
85,8,46,42,77,11,100,30
100,43,28,83,40,61,70,1
95,46,14,100,40,51,97,2
100,13,5,59,42,26,97,27
65,69,9,100,22,87,80,0
100,36,39,79,30,66,85,0
100,38,0,84,20,63,93,1
99,23,31,62,31,35,100,1
100,43,21,83,4,61,67,0
93,12,33,54,30,41,100,0
100,31,16,71,20,63,88,0
92,18,21,57,52,23,100,18
100,46,0,92,43,72,89,15
60,0,85,23,65,11,100,18
53,0,91,18,91,0,100,28
54,0,84,15,84,0,88,39
100,23,41,60,41,33,90,11
100,30,23,77,50,50,82,8
90,33,0,77,38,63,100,15
94,60,3,100,11,77,80,0
100,21,3,65,45,29,96,23
100,41,4,83,18,70,82,0
100,29,4,77,19,64,92,0
85,9,55,44,47,25,82,17
87,9,5,53,34,27,100,17
56,0,75,15,80,0,70,57
90,10,32,52,25,43,100,0
100,31,18,82,41,48,96,6
100,45,21,92,0,67,93,2
95,12,54,49,63,14,100,18
100,11,9,65,37,42,93,2
92,57,0,100,29,86,85,8
97,18,37,58,35,37,100,7
97,11,34,53,43,24,100,16
100,44,0,88,36,63,88,6
100,29,15,72,54,50,92,11
100,36,12,83,35,48,57,0
100,57,17,96,0,78,46,3
80,10,55,43,35,24,100,8
100,29,12,76,23,66,88,0
100,21,9,65,26,45,89,7
100,34,0,76,16,72,89,1
99,15,27,58,36,35,92,7
94,18,16,60,52,34,100,20
61,0,88,23,81,2,100,27
67,0,56,30,44,14,100,8
100,42,14,84,10,69,76,0
100,45,13,96,33,66,99,0
88,68,0,100,26,95,70,19
100,52,4,97,26,69,77,0
62,0,84,25,81,8,80,28
100,27,17,68,13,63,96,0
100,23,1,66,38,42,90,0
36,0,91,3,83,0,61,59
86,14,12,51,57,24,100,16
100,48,7,85,14,70,67,0
100,42,0,90,17,72,86,1
100,35,0,81,29,64,83,5
100,30,11,71,38,45,84,7
95,70,0,100,20,100,56,34
100,10,6,60,61,37,96,13
100,48,28,90,17,67,70,0
92,46,13,94,11,68,100,0
94,15,29,59,12,46,84,0
55,0,85,14,82,0,80,47
66,0,73,30,85,8,91,27
99,21,6,62,14,31,93,1
100,33,30,79,35,57,80,0
100,52,16,92,0,80,62,11
100,36,11,81,4,68,97,0
100,41,21,95,21,67,87,0
100,23,42,68,24,49,96,0
100,29,16,78,42,48,78,2
98,22,25,69,16,62,100,0
91,61,0,100,24,86,63,8
99,38,7,90,28,65,100,0
96,19,32,60,13,53,100,0
100,23,19,64,28,44,100,5
100,25,21,68,22,62,98,0
100,23,16,68,29,52,95,0
86,13,38,48,47,27,100,14
95,17,37,55,54,31,92,13
75,0,62,31,49,22,100,15
99,34,0,73,15,69,78,2
88,9,40,46,51,24,100,12
93,24,0,63,35,42,100,4
88,8,49,45,42,31,100,8
100,31,17,69,0,68,82,0
100,27,8,70,27,57,95,0
45,0,94,4,99,0,79,59
100,23,44,60,27,35,71,17
100,46,0,89,33,76,77,9
100,28,21,66,30,46,90,0
100,29,25,71,23,53,79,0
100,40,21,79,26,65,70,0
100,42,16,94,7,67,81,0
99,25,18,65,58,27,100,19
96,43,15,93,45,60,100,7
98,22,10,69,41,49,100,0
100,59,0,99,17,75,74,2
100,31,9,74,33,52,82,0
100,45,0,88,21,77,80,8
100,30,19,73,27,42,88,9
89,8,44,45,49,33,100,14
77,6,44,39,44,12,100,21
97,28,17,75,26,55,100,0
64,0,86,25,63,15,97,17
95,27,2,69,29,50,100,0
81,8,49,40,52,24,100,15
85,58,0,92,19,75,100,10
100,30,11,70,23,60,89,0
100,32,3,79,29,63,84,0
100,45,0,93,29,76,81,6
100,25,5,69,18,54,93,0
91,18,34,54,54,27,100,18
100,65,0,99,25,90,50,17
93,18,33,56,29,35,100,5
76,54,25,100,33,74,80,0
100,35,2,82,24,66,86,0
51,0,86,15,86,0,92,30
100,35,9,78,17,66,92,0
100,30,39,70,43,57,78,3
77,6,46,40,40,23,100,7
100,23,47,65,31,49,83,0
84,10,61,44,36,28,100,8
48,0,88,12,83,2,100,32
100,48,0,91,34,70,81,6
93,17,36,56,30,38,96,5
91,6,44,44,65,19,90,24
97,21,26,62,56,34,100,15
100,35,7,78,37,64,84,0
100,45,16,90,22,72,71,0
79,77,0,100,42,90,76,27
86,25,0,66,42,62,100,20
93,20,42,58,17,56,72,0
91,16,33,54,48,29,100,8
100,49,0,93,13,73,88,5
89,17,49,52,55,24,96,14
95,26,13,65,11,45,100,0
62,0,85,23,75,2,89,29
96,10,14,55,32,27,100,13
92,6,47,44,55,23,100,15
100,50,0,92,23,67,86,9
85,6,49,42,47,30,99,11
100,19,25,62,45,34,99,5
100,41,0,89,32,71,98,12
100,44,3,88,6,69,85,0
89,17,24,53,44,27,100,11
100,26,37,63,30,33,81,2
98,17,21,61,36,41,100,0
98,25,19,66,19,53,100,0
100,32,28,70,54,40,87,14
100,46,0,90,19,85,84,1
85,8,47,44,47,26,85,12
100,46,3,92,11,82,90,0
100,48,0,92,42,82,86,24
100,49,24,95,16,71,75,0
91,10,30,54,29,47,100,0
100,34,0,76,17,60,88,3
100,32,5,74,13,66,94,0
100,34,15,76,41,46,72,7
100,43,0,87,11,81,75,4
93,15,38,51,56,12,100,27
97,27,10,66,19,48,100,0
2,15,100,0,0,29,89,27
0,1,100,11,24,34,66,43
0,48,100,18,0,70,73,19
2,30,100,5,9,57,93,53
6,12,100,4,29,60,72,45
8,14,100,17,12,52,78,40
1,0,100,11,31,33,73,55
1,28,100,2,33,91,58,19
4,0,100,3,44,47,66,67
6,12,100,8,29,45,73,56
1,16,100,5,40,46,79,61
10,0,100,5,3,14,66,16
1,25,94,5,48,75,95,94
0,42,100,12,0,72,61,22
0,37,100,14,0,74,89,47
1,0,100,20,34,37,64,52
16,5,100,24,9,42,61,25
0,28,100,0,0,79,74,28
5,26,100,0,28,71,75,57
7,16,100,3,41,71,79,47
0,21,100,19,36,43,69,33
1,21,100,0,28,49,71,43
13,19,100,20,0,60,84,34
8,55,79,32,0,100,73,28
6,43,100,20,0,70,85,32
4,17,100,17,37,22,100,57
11,44,100,21,0,43,89,28
2,31,100,5,0,61,76,24
0,27,100,5,0,61,95,35
5,3,100,0,5,14,79,19
0,23,72,6,19,83,88,62
18,19,91,33,32,66,76,70
6,12,100,8,13,41,71,40
10,16,100,11,40,34,76,62
6,3,100,7,25,57,76,45
1,22,100,2,0,43,82,26
0,5,100,18,30,39,81,70
2,2,100,4,54,36,78,77
24,19,100,31,37,60,79,78
3,10,100,5,23,54,63,31
10,0,100,17,29,39,72,52
2,28,100,6,4,33,80,0
18,62,64,39,0,100,79,31
0,7,100,4,32,56,72,57
10,6,100,11,51,43,91,86
4,5,100,0,45,64,82,39
1,20,100,0,40,69,67,54
5,31,100,8,0,28,75,8
0,34,100,9,0,74,72,9
2,44,100,23,0,87,86,37
9,4,100,10,0,47,75,36
15,7,100,7,26,49,74,54
8,18,100,11,26,54,80,57
19,32,99,21,44,74,73,66
0,26,100,2,0,59,99,50
2,18,100,8,9,41,61,16
0,14,100,2,43,75,75,61
1,15,100,0,19,30,100,55
0,18,100,26,33,44,64,36
10,12,100,27,8,38,80,40
0,12,100,5,26,43,76,23
1,38,100,12,0,59,79,19
9,3,100,15,20,41,73,47
0,31,100,7,14,34,88,49
15,10,100,0,39,80,69,55
7,36,100,13,0,43,91,34
19,11,93,0,40,85,63,60
3,16,100,0,42,85,49,34
20,16,100,19,10,29,89,30
21,0,100,29,26,39,87,64
0,23,100,1,26,61,87,67
17,28,97,26,30,81,82,52
0,36,100,8,4,64,68,28
6,19,100,0,29,69,84,65
3,12,100,3,30,66,76,53
1,12,100,1,21,38,87,61
0,29,100,5,0,54,79,32
2,17,100,4,0,27,90,31
0,15,100,1,61,77,77,78
14,15,100,15,33,66,69,57
4,22,100,2,0,56,73,30
3,23,100,2,0,48,87,32
0,13,100,10,27,41,73,42
10,35,100,16,18,49,92,66
5,15,100,0,50,88,60,47
1,10,100,7,44,30,100,65
3,12,100,0,11,50,72,39
0,25,100,3,55,72,76,70
23,0,100,13,0,48,63,23
18,7,100,0,0,70,78,40
3,22,100,0,0,51,71,20
5,14,100,9,31,30,87,57
0,9,100,3,53,83,81,86
5,13,100,15,27,49,66,53
0,14,100,3,43,40,80,28
9,18,100,0,45,75,69,58
17,8,100,19,0,45,77,33
3,6,100,13,24,36,91,67
1,41,92,18,0,90,82,43
9,0,100,15,14,24,66,23
14,10,100,17,56,68,76,75
0,30,100,2,0,60,77,13
5,13,100,9,6,37,80,45
0,9,100,8,29,59,71,55
7,32,100,22,40,35,78,62
2,19,100,0,0,45,88,26
1,17,100,4,31,39,85,63
2,43,83,20,41,74,75,62
4,26,100,11,0,39,77,26
5,13,100,9,27,57,84,58
5,32,100,11,13,30,96,56
3,8,100,0,22,38,72,34
2,13,100,4,7,30,86,44
20,17,100,22,38,69,79,59
10,20,94,0,51,82,80,56
14,10,100,12,30,63,84,70
17,16,100,31,6,52,76,33
0,14,100,15,27,19,99,50
11,0,100,20,42,36,74,67
8,35,100,12,0,40,95,40
4,26,100,4,0,53,64,17
16,19,100,19,0,37,87,36
0,39,100,17,0,89,93,43
7,16,100,8,21,69,69,49
1,5,100,8,14,34,86,46
10,16,100,10,27,63,70,37
8,18,100,12,15,37,66,14
3,1,100,1,12,37,63,37
9,20,100,0,32,49,70,45
3,13,100,4,16,70,68,31
2,12,100,0,51,37,100,86
7,61,100,32,46,94,95,0
14,16,100,27,0,51,84,34
1,23,100,0,17,31,78,30
0,43,100,16,0,68,78,21
0,20,100,19,20,38,80,61
5,22,100,6,0,32,80,8
2,24,100,7,32,70,71,47
6,50,84,28,0,100,78,23
23,19,100,32,5,32,84,38
0,30,100,3,0,54,90,41
3,2,100,2,8,21,98,25
19,16,100,29,24,46,85,59
2,44,90,21,0,100,77,36
12,20,100,0,65,69,82,93
20,0,100,18,18,38,76,55
2,43,100,19,9,66,77,18
2,3,100,0,0,37,63,24
4,46,98,24,0,100,79,35
3,17,100,0,16,55,37,8
4,20,100,5,17,54,68,27
13,12,100,4,32,56,71,55
2,15,100,1,52,68,75,69
0,38,100,12,0,93,73,4
0,23,100,14,16,42,76,48
19,24,100,11,30,77,63,44
5,18,100,0,0,48,76,34
0,46,88,21,0,100,70,31
5,15,100,1,31,69,67,40
1,27,100,0,0,58,82,33
4,30,100,8,0,34,90,32
18,2,100,19,29,56,83,60
17,11,100,10,37,68,80,81
3,23,100,0,48,49,97,89
4,24,100,0,40,71,78,30
0,4,100,1,20,44,63,29
0,35,100,10,15,78,76,23
6,25,100,0,0,42,62,18
10,21,100,0,42,79,73,53
1,27,89,9,52,77,92,91
0,30,93,8,63,78,78,83
7,5,99,0,85,76,69,81
9,10,100,0,0,41,66,23
7,23,100,0,0,26,70,11
6,26,100,9,19,57,74,47
4,0,100,2,45,42,98,82
19,16,100,0,55,75,73,57
0,39,100,10,0,72,72,1
12,15,100,30,48,40,96,67
5,29,100,0,0,69,71,24
14,3,100,8,48,48,81,29
0,33,100,5,7,67,72,34
14,11,100,24,49,47,97,77
22,13,100,22,37,60,78,79
0,28,100,4,12,51,73,29
0,2,100,6,1,55,68,4
11,22,100,0,18,43,83,53
7,11,100,8,35,57,78,48
0,26,100,19,41,50,81,48
8,2,100,0,0,22,79,21
0,3,100,8,36,36,60,40
0,2,100,4,0,40,56,13
0,22,100,2,62,69,86,97
7,37,93,20,33,79,91,79
0,27,100,2,14,30,79,37
0,41,89,19,0,93,79,38
12,10,100,23,0,56,68,34
8,14,100,8,14,34,78,45
0,2,100,7,15,29,79,43
8,13,100,0,0,50,66,20
0,17,100,1,33,36,78,67
4,13,100,0,0,33,85,30
9,14,100,17,0,37,74,27
1,13,100,0,0,38,89,36
1,28,100,4,14,39,86,50
0,21,100,0,3,45,85,38
6,31,100,6,9,45,68,29
0,15,100,0,8,36,85,46
0,27,100,0,23,34,78,26
8,0,100,13,48,37,62,60
6,26,100,15,25,61,67,41
1,22,100,0,13,44,83,52
5,13,100,9,22,32,100,52
2,29,100,7,0,44,85,27
0,49,100,15,0,70,66,12
0,31,97,3,52,77,69,61
18,22,100,18,32,44,86,72
18,0,100,23,54,39,69,78
0,30,100,1,0,49,79,31
0,16,100,9,16,40,73,38
9,12,100,24,0,46,78,25
2,43,100,16,0,75,82,23
3,23,100,0,16,71,67,30
16,8,100,12,0,36,80,22
0,7,100,1,12,43,54,30
6,17,100,8,32,62,71,54
15,0,100,10,34,76,74,75
1,13,100,1,16,28,88,47
1,22,100,3,5,42,96,37
5,36,100,14,0,75,90,43
0,42,100,15,12,74,66,51
8,22,100,18,0,37,64,16
0,28,100,3,0,61,87,35
0,44,98,20,0,100,76,30
4,21,100,6,8,32,83,32
0,12,100,5,19,13,100,36
3,21,100,0,9,59,86,48
4,15,100,0,14,46,76,43
3,14,100,6,11,44,71,16
6,42,100,20,14,70,88,62
6,18,100,0,29,81,66,53
0,27,100,4,29,68,81,60
0,34,100,12,22,61,90,67
9,7,100,6,8,47,72,41
0,34,100,10,15,81,73,39
6,26,100,0,14,60,63,19
8,36,100,13,17,61,83,57
0,30,100,8,0,66,86,35
4,49,100,22,0,81,79,27
12,39,97,19,23,100,80,14
0,43,100,18,10,88,55,33
5,15,100,0,0,44,66,20
6,46,47,28,40,84,80,63
10,4,100,15,5,55,68,23
2,0,100,0,10,37,60,31
0,29,100,2,14,41,78,44
0,32,100,11,0,75,83,43
7,17,94,0,47,83,72,69
1,20,100,3,12,43,87,58
4,34,100,12,57,94,56,37
4,1,100,2,5,35,68,22
3,25,100,5,0,39,91,32
1,11,100,3,27,66,76,62
1,16,100,0,0,43,86,27
0,25,93,5,43,77,81,72
3,45,85,21,0,93,78,38
1,37,100,14,16,84,72,40
0,4,100,1,45,43,85,75
5,16,100,0,44,54,85,76
24,2,100,14,21,66,74,30
0,4,100,2,35,25,98,60
19,22,100,18,27,37,90,64
1,32,100,0,31,68,65,0
13,10,100,22,0,40,73,26
1,29,100,0,0,55,65,24
3,20,99,4,40,78,71,60
6,24,100,0,30,76,69,38
10,10,100,4,37,49,85,74
14,0,100,14,18,54,59,41
7,5,100,0,17,32,59,32
2,30,100,0,0,45,81,27
0,26,100,26,18,51,66,34
3,30,100,10,0,34,93,41
16,16,100,22,59,67,71,62
7,22,100,0,10,59,58,26
9,11,100,8,14,48,65,35
0,16,100,9,57,33,70,57
1,11,100,3,21,31,77,54
0,28,100,2,0,51,80,25
7,23,100,13,12,44,78,50
14,0,100,19,36,34,77,55
11,11,95,0,49,82,73,69
9,25,99,0,32,94,53,41
6,44,100,23,0,82,92,44
0,12,100,1,7,18,80,21
0,13,100,2,5,30,78,30
4,24,100,6,0,49,85,32
6,16,82,0,72,74,77,97
9,3,100,8,36,55,70,42
0,38,100,8,0,43,74,14
0,32,49,13,61,76,79,90
23,20,84,28,50,75,81,74
8,5,100,0,45,63,92,37
1,32,100,8,0,62,78,29
6,11,100,0,22,26,84,41
13,16,100,13,24,52,82,62
13,18,95,6,64,78,81,59
11,27,100,32,13,35,83,42
0,29,100,4,0,51,88,40
0,27,100,5,0,34,95,30
2,9,100,2,32,54,73,59
0,31,100,6,0,66,93,43
16,8,100,12,48,67,76,62
7,52,100,20,0,60,80,17
13,12,100,21,0,58,78,31
5,45,100,23,0,79,91,53
0,29,100,3,26,49,91,70
2,43,55,23,6,93,89,52
0,21,100,2,0,62,77,28
35,0,100,15,63,66,81,95
1,29,100,5,19,71,88,53
1,1,100,0,0,10,72,19
0,13,100,25,10,44,81,37
11,10,100,16,0,65,71,29
17,0,100,16,16,46,84,56
1,22,100,3,0,55,75,26
19,0,100,15,24,45,75,60
16,19,100,23,0,65,82,35
10,6,100,6,46,56,75,44
15,35,86,14,64,90,86,47
7,30,100,11,22,45,85,49
3,16,100,8,23,30,88,52
0,31,88,9,35,72,84,71
0,29,100,3,0,69,75,29
2,33,100,8,12,60,96,60
4,31,100,9,0,61,85,34
23,0,100,18,40,60,69,61
10,0,100,16,36,38,53,44
18,0,100,20,23,39,63,42
24,0,100,24,26,44,93,70
2,48,84,26,0,100,83,38
11,12,100,16,0,55,71,28
8,9,100,4,55,63,66,51
3,35,100,10,12,83,69,19
5,8,100,0,30,47,75,47
19,12,100,31,21,40,66,47
21,25,100,29,33,71,79,75
5,15,100,0,33,41,76,51
5,18,100,3,9,56,89,54
0,42,72,18,0,83,82,43
7,34,100,13,9,31,88,46
0,15,100,10,0,69,70,8
16,12,100,14,43,61,80,46
3,42,100,20,0,80,93,52
17,29,100,20,0,56,81,34
0,24,100,5,0,42,83,26
0,10,100,3,13,24,78,38
2,0,100,4,32,70,63,52
4,50,100,26,0,86,62,22
0,29,100,4,0,34,80,34
13,0,100,11,11,56,69,42
5,21,100,0,47,55,90,75
27,0,100,29,61,46,100,96
5,10,100,6,11,56,72,28
8,12,100,16,0,58,76,27
0,16,100,16,33,43,77,30
6,0,100,6,21,40,82,55
7,51,83,30,0,100,83,30
7,0,100,26,26,35,56,39
14,11,100,6,51,69,71,53
0,42,100,13,13,63,78,35
3,15,100,0,0,53,79,25
11,13,100,9,13,40,71,30
3,10,100,7,0,15,95,27
2,0,100,16,38,32,68,56
5,0,100,6,15,50,63,36
0,36,100,9,0,46,79,28
0,34,100,8,0,73,81,34
11,27,100,0,7,67,57,15
0,33,100,6,0,62,73,26
5,18,100,10,8,32,84,37
15,13,100,16,7,39,83,46
12,9,100,17,0,48,65,13
0,22,100,1,0,56,75,22
13,0,100,3,2,59,79,48
4,11,100,8,26,43,64,34
4,20,100,9,11,31,78,35
2,46,100,14,0,71,75,20
9,25,100,0,37,74,67,40
0,14,100,12,23,42,79,37
21,0,100,26,55,41,95,78
4,14,100,9,0,7,80,22
3,28,100,7,11,27,77,33
9,29,100,15,14,53,74,36
7,24,100,2,60,68,74,89
0,9,100,3,54,57,74,72
0,22,100,22,8,37,66,9
0,19,100,1,0,27,79,25
1,31,100,11,8,79,91,63
0,14,100,8,17,39,85,18
1,12,100,1,42,61,59,53
0,35,88,13,36,72,85,71
13,10,100,4,12,56,80,57
17,14,100,20,53,68,78,80
23,0,100,8,39,70,81,58
0,9,100,17,36,49,59,56
4,28,100,10,0,54,82,28
10,3,100,8,54,67,73,78
0,39,100,11,1,50,78,16
6,6,100,3,0,40,57,12
0,35,88,7,63,65,91,66
6,10,100,20,5,41,67,30
0,36,100,11,3,65,85,42
17,35,100,35,2,31,85,28
14,3,100,15,42,74,80,72
9,36,74,18,53,86,69,49
6,11,100,0,0,37,68,8
19,19,100,30,16,45,89,50
25,8,100,30,29,52,80,62
9,14,100,13,43,34,91,79
7,30,94,12,60,72,84,94
3,29,100,0,0,61,71,24
0,37,100,14,42,70,82,80
2,24,100,0,37,62,83,63
5,18,100,8,10,46,64,29
4,26,100,9,0,33,81,9
2,36,100,10,0,76,77,30
2,17,100,0,24,30,88,58
0,8,100,18,0,42,78,16
1,23,100,2,31,76,78,35
0,29,100,3,0,43,75,28
5,18,100,7,19,67,68,44
5,12,100,2,16,52,71,29
1,31,100,3,0,48,78,30
20,9,100,10,38,67,73,62
6,37,100,15,0,68,82,35
9,0,100,19,32,35,65,51
4,8,100,5,17,17,100,46
1,31,100,6,0,45,85,22
5,6,100,3,15,37,75,38
1,26,100,9,24,30,86,57
2,32,100,6,0,54,76,22
1,8,100,0,0,18,82,27
0,2,100,3,38,46,79,69
5,27,100,10,0,27,83,26
0,24,100,1,37,63,78,60
0,21,100,0,6,54,74,37
19,0,100,17,35,40,100,79
5,23,100,9,24,36,94,40
6,0,100,3,16,28,77,39
8,9,100,0,10,40,87,55
1,7,100,0,28,33,78,57
19,12,87,6,33,80,80,67
0,23,100,1,2,67,81,28
14,15,100,15,0,36,70,19
0,18,100,10,24,31,78,37
15,11,100,21,15,38,73,48
0,38,65,17,44,74,81,72
0,7,100,16,30,27,59,46
11,46,78,29,20,78,93,74
8,3,100,10,7,45,71,42
10,22,100,0,28,69,58,25
19,20,100,12,43,69,80,65
19,8,100,14,63,69,88,84
0,40,100,13,0,87,78,25
0,28,95,7,34,80,80,65
5,32,100,14,15,26,97,35
4,6,100,0,14,50,65,36
17,19,100,0,41,76,80,54
10,4,100,0,1,20,55,7
4,0,100,2,50,48,85,84
0,13,100,17,4,43,61,18
9,6,100,2,0,36,54,4
0,25,100,5,65,72,90,97
8,1,100,23,34,37,89,64
0,4,100,5,0,29,78,27
1,20,100,9,25,41,74,47
2,11,100,5,0,11,90,15
3,13,100,0,0,34,76,28
13,21,100,9,0,31,72,22
0,40,100,17,0,77,89,52
1,41,100,14,0,76,74,26
0,19,100,19,25,38,87,53
8,13,100,9,28,40,87,70
11,24,97,0,49,88,76,47
3,9,100,0,23,29,98,53
5,5,100,9,8,42,70,25
10,20,100,0,23,58,59,26
0,12,100,0,60,71,88,89
4,10,100,4,19,59,68,32
2,13,100,0,1,43,72,34
7,26,100,10,31,61,76,62
24,0,100,6,51,56,63,59
1,26,100,1,0,53,76,24
2,8,100,0,15,33,94,57
1,39,93,17,0,86,82,42
0,38,98,16,0,82,84,47
0,12,100,11,0,55,75,28
4,10,97,0,63,76,81,92
20,7,100,9,29,68,71,45
0,32,100,3,34,58,69,23
3,22,100,2,16,36,71,20
0,45,100,11,0,65,65,16
12,30,100,6,5,73,72,32
2,20,100,0,27,32,82,52
15,13,100,11,53,53,91,75
1,30,100,6,16,43,94,56
1,31,100,6,0,47,88,33
3,14,100,0,1,29,92,38
0,17,100,18,0,40,64,16
0,17,100,4,31,47,72,56
8,37,100,16,68,42,94,49
5,0,100,19,23,39,75,54
10,12,100,6,42,60,79,45
2,2,100,0,7,20,69,17
0,19,100,0,59,74,84,83
12,0,100,22,7,41,58,31
9,6,100,8,49,50,74,56
2,18,100,0,9,62,90,46
21,28,100,19,20,61,76,54
6,1,100,1,36,58,65,49
1,24,100,0,38,28,75,62
0,19,100,15,39,31,91,66
12,7,100,21,21,66,66,50
0,46,100,17,0,76,70,6
5,0,100,3,50,40,74,65
20,0,100,21,16,36,67,35
24,0,100,16,42,47,67,69
0,14,100,14,28,56,72,60
19,5,100,0,0,66,63,36
0,33,100,7,42,63,70,54
7,52,85,30,20,100,82,11
11,14,100,13,44,59,69,70
8,7,100,15,14,50,71,29
0,4,100,15,39,28,96,63
5,17,100,4,35,70,69,55
0,26,100,5,0,71,91,44
10,14,100,0,43,74,62,33
11,31,88,9,48,78,68,59
7,11,100,8,23,29,76,39
2,2,100,0,0,28,68,26
21,24,100,30,14,69,78,38
0,12,100,1,19,28,80,46
4,30,100,0,0,45,66,24
0,20,100,25,36,53,79,20
18,25,100,19,41,70,75,46
10,12,100,3,23,64,65,37
20,15,100,22,4,55,73,44
0,29,100,3,0,51,99,27
5,16,100,10,20,31,98,49
1,48,95,23,0,100,71,39
0,30,100,5,15,54,81,42
5,21,100,0,44,69,81,68
2,31,100,9,32,69,81,70
0,40,100,13,12,78,78,43
13,19,100,0,32,72,67,48
4,22,100,21,0,46,73,30
5,27,100,5,0,61,82,37
6,12,100,0,20,59,69,35
0,31,100,4,0,47,83,26
1,14,100,0,0,46,79,34
5,3,100,0,16,33,65,27
16,21,100,13,4,77,82,47
8,5,100,17,11,27,76,30
17,22,88,18,48,69,72,78
2,11,100,0,26,50,71,52
7,24,100,10,42,48,79,53
6,32,100,0,0,55,57,14
1,18,100,0,14,35,93,47
16,0,100,9,34,36,68,63
0,15,100,16,14,38,79,49
1,15,100,3,13,46,74,40
17,19,100,23,13,59,79,31
0,34,100,7,1,39,91,44
6,0,100,0,3,10,74,21
4,25,100,3,32,56,76,60
4,9,100,27,33,35,89,63
3,0,100,15,36,29,63,52
10,8,100,19,51,53,78,81
2,23,100,0,26,55,95,58
0,23,100,2,31,73,67,35
7,20,100,0,32,55,80,72
14,0,100,12,46,59,95,87
14,0,100,18,47,37,74,68
3,8,100,3,31,51,77,35
0,21,100,2,0,43,85,22
0,7,100,3,19,27,76,34
0,33,100,7,0,57,82,24
31,0,81,18,50,73,84,85
25,0,100,30,23,36,79,59
5,20,100,1,55,62,98,85
1,4,100,0,20,32,73,39
28,6,100,6,39,80,75,46
0,33,100,12,15,88,77,27
3,18,100,3,49,69,90,33
22,15,100,33,32,40,84,66
9,28,100,20,46,39,82,65
0,5,100,2,25,29,81,43
0,29,100,1,0,65,66,30
11,19,100,15,35,42,77,53
2,11,100,4,2,35,78,35
3,18,100,0,0,54,85,31
1,35,100,9,0,46,86,22
0,41,89,15,13,100,67,0
0,21,100,1,18,21,88,47
27,0,100,24,22,39,76,54
13,0,100,13,35,39,80,69
5,19,100,11,30,59,78,62
4,26,100,11,54,62,75,36
9,4,100,12,20,40,72,51
17,4,100,18,32,50,90,74
0,23,100,0,11,62,61,25
8,16,88,0,45,82,78,75
0,32,100,7,39,59,88,47
12,10,100,13,47,52,88,45
0,28,100,1,0,45,78,28
0,0,100,0,0,45,69,26
15,1,100,0,0,35,86,39
10,31,82,13,45,87,76,49
13,8,100,5,36,55,72,47
0,8,100,0,0,29,74,28
17,20,100,13,26,63,82,39
5,5,100,0,7,35,67,22
20,15,100,26,0,37,75,24
9,16,100,12,30,54,74,60
4,23,100,7,0,34,77,20
3,3,100,5,4,29,66,27
11,9,100,8,53,77,81,66
1,51,62,26,6,100,48,32
7,32,88,12,4,53,92,62
1,29,100,6,40,56,83,76
2,18,100,0,0,20,74,16
3,35,100,10,20,59,71,30
7,10,100,0,54,70,71,71
1,52,100,20,0,79,52,20
0,25,100,1,0,29,83,13
5,28,100,7,27,69,72,42
6,21,100,3,49,67,79,69
1,47,100,23,0,75,80,17
0,15,100,0,0,34,95,26
1,11,100,1,8,40,73,25
1,17,100,0,9,37,77,26
4,23,100,0,0,54,65,24
4,25,100,10,31,54,86,67
19,10,100,24,18,61,76,37
3,16,100,1,18,46,82,46
1,38,39,21,68,72,93,100
8,30,100,10,36,48,89,73
0,21,100,0,0,43,77,25
2,12,100,0,5,43,64,28
13,14,100,17,28,69,89,63
1,15,100,10,9,36,70,32
10,31,100,13,28,62,64,39
7,15,100,16,37,40,75,46
12,18,100,24,0,46,75,21
4,10,100,0,35,69,79,66
2,46,100,20,0,66,75,19
4,4,100,3,19,41,89,64
2,24,100,0,54,75,81,46
14,12,100,24,2,30,64,21
0,41,100,17,11,91,74,22
5,35,100,7,0,39,73,25
0,29,100,0,0,61,80,25
0,32,100,7,0,32,95,40
23,0,100,10,21,65,71,65
13,18,100,34,43,39,92,70
0,20,100,1,4,24,86,38
7,0,100,12,47,42,100,77
0,24,100,8,8,35,65,3
0,33,100,2,0,62,68,16
4,17,100,0,23,68,67,43
21,6,100,7,63,72,80,88
13,0,100,17,33,36,66,50
1,10,100,0,41,61,73,60
15,0,100,15,33,42,76,68
14,12,100,22,9,35,74,45
6,0,100,4,13,38,65,26
0,25,89,6,2,87,95,64
1,1,100,0,47,49,65,63
0,5,100,12,22,54,67,30
5,28,100,0,15,59,71,38
3,10,100,7,29,31,94,54
29,0,100,24,50,51,77,73
1,30,97,7,31,73,87,73
9,16,100,9,7,42,68,22
6,17,100,15,0,59,70,19
7,0,100,5,34,28,80,61
0,16,100,4,24,26,84,47
0,28,100,2,32,39,81,62
4,47,100,17,0,55,67,9
9,16,100,9,25,60,72,34
0,12,100,10,21,51,79,14
0,26,100,2,29,29,88,64
0,11,100,10,17,32,77,38
24,5,100,1,32,81,65,44
8,14,100,0,30,29,83,62
13,0,100,23,33,39,62,50
18,0,100,18,12,63,83,50
3,36,100,15,0,76,88,39
0,28,100,15,42,37,88,49
4,8,100,5,29,55,80,33
0,41,100,12,0,66,80,23
6,20,100,11,24,67,70,38
2,8,100,0,5,34,80,37
16,19,100,16,0,42,84,42
3,24,100,6,7,30,79,36
12,17,100,3,43,64,80,41
6,20,100,7,13,30,82,44
0,29,100,5,0,52,83,32
20,6,100,28,49,47,100,95
11,14,100,13,13,40,76,35
8,0,100,17,34,35,58,45
9,48,100,26,0,62,88,31
4,51,82,26,0,80,79,47
1,37,100,8,0,69,79,25
0,40,63,17,18,79,75,51
0,42,100,14,58,92,67,24
0,47,67,25,0,100,77,40
0,32,100,4,0,66,66,21
0,28,78,10,53,74,90,95
10,12,100,1,14,39,95,50
6,20,100,8,36,33,100,60
20,23,100,32,0,53,78,33
4,11,100,6,25,30,80,52
2,16,100,0,12,52,76,46
0,31,100,1,0,58,77,17
0,44,64,20,27,79,75,64
9,4,100,5,10,52,71,44
0,24,100,0,0,44,90,40
0,41,100,15,0,85,84,37
4,41,100,16,0,89,63,23
22,0,100,16,52,54,83,74
3,27,100,0,0,44,83,37
1,23,100,0,0,46,82,24
7,16,100,9,6,36,76,22
19,19,100,17,0,53,84,36
8,13,100,0,0,48,86,36
9,19,100,12,42,57,66,54
5,0,100,20,47,36,88,72
22,16,100,26,62,61,79,70
2,3,100,21,25,27,81,47
5,15,100,0,67,72,75,79
7,6,100,4,39,55,84,83
0,31,77,12,35,84,83,69
0,11,100,13,21,34,91,59
4,2,100,0,63,64,77,95
8,6,100,3,5,48,81,45
12,21,100,12,26,52,71,54
2,1,100,2,22,38,66,47
18,5,100,20,0,36,82,31
4,15,100,0,13,49,65,39
4,27,100,3,0,31,80,28
1,14,100,0,0,28,83,31
10,30,100,18,25,37,71,44
21,7,100,30,53,38,70,71
3,0,100,14,26,35,59,43
0,30,100,4,0,52,79,35
1,7,100,21,24,29,82,53
10,0,100,17,8,40,70,36
0,30,89,11,39,80,90,79
11,14,100,15,12,41,75,46
0,35,100,13,0,71,90,43
15,15,100,27,0,49,80,35
0,26,100,2,13,61,81,31
0,42,100,11,0,56,69,2
1,43,91,18,6,79,79,49
12,8,100,0,9,43,67,32
1,42,100,14,0,62,81,30
1,30,100,6,35,65,84,63
15,11,100,13,0,36,88,40
0,18,100,0,0,49,82,33
21,20,100,32,49,74,90,81
0,6,100,18,26,38,80,58
5,21,100,0,32,80,58,26
0,32,100,5,0,64,66,15
2,17,100,0,0,56,81,29
0,6,100,4,8,37,68,25
0,34,100,4,1,56,73,29
3,14,100,0,20,53,70,29
0,42,47,22,24,89,88,59
6,48,100,27,0,79,90,46
0,11,100,4,13,37,67,40
0,15,100,4,23,51,70,51
1,39,88,15,27,69,82,65
3,0,100,6,0,36,67,25
0,5,100,1,9,16,88,22
5,13,100,0,19,73,76,53
8,54,100,29,0,72,83,28
0,12,100,15,39,69,60,64
0,2,100,4,3,33,74,33
4,54,100,28,0,77,79,27
0,12,100,19,24,33,72,50
2,0,100,11,18,31,74,49
1,36,100,10,0,72,77,34
0,13,100,28,10,41,61,35
9,51,100,30,0,73,83,20
6,17,100,8,9,30,74,38
14,23,100,9,13,38,78,49
0,18,100,14,28,29,77,40
9,43,100,27,29,14,97,59
0,19,100,9,19,31,78,40
0,34,100,0,0,46,74,19
10,38,100,25,41,47,93,88
0,9,100,1,28,60,69,43
1,4,100,3,16,12,86,44
2,3,100,14,10,37,68,35
0,15,100,5,53,32,85,60
7,0,100,3,0,16,91,27
3,10,100,0,11,34,64,23
0,39,100,9,0,42,75,15
4,19,100,13,9,48,74,32
11,26,100,14,2,57,76,35
3,14,100,0,25,47,70,40
0,17,100,14,24,68,61,45
6,3,100,0,18,41,75,51
1,38,100,11,0,41,75,15
1,1,100,0,1,2,61,11
0,38,100,7,48,55,81,5
2,31,74,10,11,90,72,45
7,0,100,6,29,29,78,44
0,18,100,16,14,32,77,37
5,4,100,0,7,34,77,33
5,27,98,4,0,94,75,47
1,2,100,12,38,41,67,50
12,24,100,0,38,72,70,61
9,34,100,20,15,47,85,53
4,2,100,0,1,22,66,8
0,25,100,5,24,48,64,38
0,7,100,2,0,21,82,25
0,17,100,18,32,39,76,51
0,16,100,7,28,30,88,55
0,37,100,7,2,48,75,28
13,0,100,6,42,51,75,70
0,38,100,9,0,60,73,28
0,47,100,19,43,67,72,0
0,33,82,10,3,100,51,38
8,21,100,0,0,33,87,23
6,4,100,1,58,72,64,69
9,27,100,0,0,46,80,22
3,2,100,0,8,26,73,22
6,29,100,7,0,61,76,28
6,17,100,17,13,33,66,24
0,14,100,16,41,28,84,59
1,21,100,0,0,51,74,30
1,42,100,18,0,48,82,22
5,0,100,11,13,32,75,44
0,41,100,9,0,58,62,20
0,16,100,4,24,30,78,43
1,14,100,0,8,31,68,33
3,7,100,1,13,40,77,44
0,15,100,9,26,30,84,38
4,17,100,0,36,60,69,56
4,0,100,22,39,38,74,65
0,20,100,8,23,51,72,44
1,33,100,8,23,53,86,68
0,21,100,23,14,29,69,34
9,0,100,7,34,32,71,46
4,0,100,1,0,22,79,25
2,0,100,1,0,27,83,22
0,1,100,10,25,35,70,54
0,13,100,7,13,32,78,40
0,15,100,1,28,29,79,55
0,24,100,16,38,35,88,51
7,26,100,0,0,52,59,18
2,27,100,0,0,38,86,34
0,4,100,10,14,35,67,29
6,36,100,18,45,51,72,73
1,22,100,18,20,32,76,39
3,8,100,10,34,36,69,54
0,30,100,5,26,48,91,74
23,11,100,13,44,77,64,60
0,13,100,6,1,38,82,32
1,28,100,0,0,42,83,28
0,12,100,1,19,27,65,24
6,10,100,1,0,42,81,38
8,16,100,22,15,29,72,38
0,11,100,23,32,59,68,49
5,22,100,0,0,28,84,36
5,8,100,3,0,30,80,38
7,10,100,6,14,55,78,52
0,28,100,1,0,44,78,28
7,1,100,0,0,28,83,34
0,38,100,10,0,68,68,20
0,46,100,19,0,69,72,33
0,14,100,25,17,37,78,53
0,19,100,9,31,31,89,51
0,21,100,11,39,26,97,64
1,51,100,24,0,70,66,15
2,23,100,0,0,33,85,20
0,17,100,1,38,32,85,36
7,0,100,7,0,31,71,26
7,39,100,11,0,69,68,14
4,24,100,0,0,38,85,24
8,24,100,5,6,38,81,40
7,35,100,18,37,51,97,84
2,5,100,0,29,35,69,48
4,0,100,9,34,34,87,59
0,22,100,4,3,32,68,21
0,43,100,11,0,68,88,34
7,5,100,8,34,39,63,51
2,12,100,0,21,27,68,39
13,0,100,5,4,35,68,19
0,25,100,0,0,36,87,23
2,15,100,0,2,23,85,29
0,12,100,4,17,32,73,41
0,3,100,1,11,34,72,38
8,12,100,11,26,46,71,48
0,14,100,0,12,37,60,24
8,0,100,7,0,41,68,23
2,6,100,9,0,42,63,24
13,16,100,0,0,49,67,17
0,33,100,2,0,39,89,15
2,28,100,9,20,13,100,42
0,11,100,1,16,45,68,37
0,11,100,2,26,26,80,42
0,47,100,19,26,50,73,0
0,19,100,12,3,31,72,26
6,5,100,7,4,37,74,38
3,25,100,0,4,38,84,38
0,42,69,18,0,100,75,39
4,25,100,0,0,42,75,20
7,8,100,2,11,42,65,34
5,33,100,21,20,46,79,58
0,41,100,8,0,65,69,22
3,19,100,0,0,31,85,28
24,0,100,15,22,32,71,44
0,19,100,1,0,35,68,16
13,23,82,2,59,95,49,48
5,10,100,4,27,57,70,36
3,50,100,24,0,67,81,26
0,21,100,5,26,32,88,49
8,0,100,7,13,40,73,46
0,12,100,13,13,37,79,35
2,15,100,0,0,29,84,28
0,16,100,4,0,39,88,27
0,14,100,16,33,34,76,41
3,44,100,20,0,93,70,34
1,6,100,2,1,32,72,20
0,9,100,12,13,32,69,37
3,19,100,0,6,48,67,31
0,9,100,0,13,34,68,27
0,1,100,8,18,27,82,22
15,0,100,16,33,36,75,51
5,29,100,0,0,39,94,6
12,12,100,0,14,71,78,56
1,22,100,1,0,44,79,33
0,6,100,3,21,32,74,43
0,16,100,7,46,32,85,42
8,12,100,0,0,38,77,33
4,28,100,18,29,41,71,50
0,1,100,0,4,16,65,14
0,17,100,19,11,28,75,26
0,21,100,0,0,51,87,32
7,24,100,17,23,41,86,62
19,18,100,0,47,78,66,50
17,24,100,7,38,71,67,44
0,39,100,12,0,76,64,25
0,21,100,2,33,34,70,46
2,0,100,6,5,33,63,21
4,7,100,3,63,73,67,74
4,22,100,0,0,36,81,33
4,10,100,11,42,23,92,64
11,17,91,1,50,75,71,74
6,4,100,14,0,33,69,29
0,13,100,3,16,26,72,35
0,34,97,9,0,100,69,37
0,12,100,16,27,35,72,56
0,37,100,12,0,39,78,23
27,0,100,20,26,34,80,42
5,40,64,23,23,81,80,60
2,16,100,0,37,30,82,57
0,6,100,9,0,35,64,16
0,33,100,4,2,65,70,0
4,22,100,0,0,45,70,22
0,11,100,12,16,40,71,44
0,32,100,2,0,51,86,29
14,0,100,8,19,29,80,45
16,19,100,15,33,67,64,58
8,22,100,12,23,34,82,57
0,3,100,11,28,34,75,49
2,36,100,12,0,52,88,42
22,21,100,0,48,76,68,57
1,20,100,3,0,37,80,28
5,32,100,0,0,47,96,9
13,38,100,25,17,38,92,55
0,47,100,24,0,76,82,30
0,37,100,10,0,53,80,31
0,10,100,0,7,36,77,43
17,21,100,0,7,99,51,31
0,29,100,3,0,30,64,12
2,5,100,0,14,27,71,40
1,22,100,0,20,11,86,42
0,23,100,3,45,31,82,60
7,6,100,7,2,39,79,32
0,24,100,10,38,33,85,60
7,16,100,0,29,50,76,50
5,16,100,1,31,49,75,53
3,43,100,22,0,59,90,41
0,11,100,22,8,41,62,17
1,26,100,0,0,78,70,33
19,28,100,17,0,85,62,34
0,32,100,4,0,45,74,18
0,31,100,1,0,76,69,27
1,35,100,14,0,38,96,51
0,13,100,1,35,65,69,58
2,0,100,4,0,38,69,24
0,13,100,5,14,30,77,34
2,22,100,0,22,69,69,40
3,34,100,7,2,77,66,26
0,14,100,0,0,41,75,24
9,0,100,8,7,34,79,40
9,23,99,3,47,81,68,59
2,24,100,3,29,81,73,57
2,25,100,0,0,47,92,31
7,26,100,0,0,41,87,35
0,21,100,2,21,0,89,36
8,32,100,18,23,44,75,53
0,46,100,21,0,91,66,16
0,6,100,2,3,28,74,31
0,30,100,2,0,44,92,35
3,9,100,4,0,17,89,25
7,8,100,0,24,61,74,46
0,19,100,20,15,35,75,33
1,38,86,15,0,99,84,45
0,39,100,9,1,62,61,0
0,8,100,15,45,40,75,44
9,5,100,12,11,33,77,39
0,19,100,5,0,41,69,20
3,8,100,4,3,22,58,20
7,3,100,9,16,36,56,30
12,24,100,0,54,75,70,54
0,35,76,11,0,100,68,34
4,23,88,4,9,88,80,56
0,25,100,4,0,24,88,24
0,19,100,18,0,62,68,26
2,46,100,20,0,70,92,27
18,20,100,0,27,73,70,60
7,9,100,0,24,43,85,69
7,0,100,10,6,31,73,36
1,31,100,0,0,45,77,15
0,33,84,7,0,100,57,27
14,36,100,31,41,24,100,69
4,40,100,13,0,57,86,28
14,26,92,0,46,80,73,64
1,12,100,0,2,22,82,26
0,5,100,0,14,26,56,27
0,19,100,6,41,35,84,58
1,20,100,7,0,35,93,42
4,31,100,0,0,46,83,29
0,11,100,19,16,35,67,32
6,35,89,16,46,68,78,79
0,27,100,0,0,35,70,9
5,17,100,3,0,42,76,26
0,22,100,16,12,32,68,25
13,17,100,6,15,67,82,55
12,1,100,10,21,33,78,51
1,26,100,12,22,43,83,62
11,1,100,16,39,33,76,61
0,8,100,9,33,42,79,43
5,18,100,0,0,39,72,19
0,46,100,21,0,88,75,25
7,26,100,0,0,42,89,34
10,14,100,0,0,42,79,32
9,10,100,16,26,37,60,43
4,13,100,1,0,47,76,31
1,1,100,0,19,33,80,34
0,21,100,20,13,38,71,38
0,31,98,3,0,100,53,34
0,23,100,3,15,36,67,40
11,17,79,0,44,80,65,64
0,32,100,8,0,44,85,33
4,3,100,11,37,62,74,74
0,1,100,0,2,32,70,23
0,32,93,6,0,100,62,19
14,26,100,0,41,72,72,44
0,9,100,3,8,28,78,36
0,36,100,5,0,57,74,18
1,13,100,0,42,28,83,54
0,16,100,6,25,33,81,45
0,13,100,12,5,55,68,45
1,5,100,7,7,42,72,39
0,14,100,16,1,37,69,26
9,10,100,0,16,44,75,43
0,35,100,8,0,84,63,22
9,49,100,28,0,78,93,49
2,19,100,0,0,36,77,26
0,20,100,22,15,42,74,39
0,1,100,3,6,39,61,33
7,31,100,17,23,51,79,57
14,0,100,20,18,26,92,51
5,29,100,0,0,50,85,32
0,35,100,9,0,53,90,40
0,22,100,14,46,36,88,70
0,44,83,21,15,76,78,44
4,31,100,6,0,81,74,34
0,29,100,2,0,70,75,29
8,12,100,7,30,38,83,69
1,36,100,5,0,38,81,33
0,23,100,13,34,37,76,59
0,3,100,10,15,44,73,46
8,14,100,0,0,45,63,20
11,55,100,32,0,62,87,22
3,34,100,0,0,44,88,10
18,28,100,0,45,76,74,45
0,9,100,18,37,31,65,52
4,7,100,15,38,35,69,60
6,27,100,0,0,50,82,24
0,8,100,12,14,35,69,39
0,8,100,2,0,24,62,16
11,34,100,21,0,49,74,32
0,9,100,13,35,43,76,55
7,13,100,11,5,45,78,41
15,61,100,38,0,79,73,21
10,15,100,0,27,58,77,59
0,12,100,16,16,38,65,29
4,16,100,5,10,32,81,44
0,39,100,9,0,63,88,28
5,3,100,6,16,32,86,46
1,0,100,2,21,27,76,39
2,31,100,19,23,26,90,55
2,29,100,0,0,42,82,35
2,13,100,0,23,48,66,31
1,29,100,13,49,34,76,63
4,12,100,0,16,34,59,30
7,11,100,0,5,35,75,38
4,0,100,3,17,45,90,29
6,53,100,27,0,67,82,26
1,41,100,12,0,57,86,26
7,18,100,0,3,52,77,40
0,15,100,7,41,30,85,62
0,44,100,17,0,87,85,39
7,25,100,6,0,57,64,24
1,0,100,13,58,63,65,71
0,16,100,5,31,63,68,46
0,4,100,2,25,39,74,36
0,4,100,7,10,35,81,42
0,32,100,3,0,33,77,27
0,13,100,21,31,34,69,49
8,22,100,0,0,49,71,22
0,15,100,2,2,34,72,33
5,9,100,2,1,38,63,14
6,22,90,1,49,78,72,64
0,35,77,11,0,94,74,35
2,0,100,9,16,32,75,41
0,38,0,9,35,68,76,57
0,42,0,13,50,51,84,66
0,40,0,17,30,53,86,67
1,43,10,13,0,64,83,29
14,59,0,34,5,100,90,46
0,28,0,4,47,68,86,73
0,39,0,14,11,52,92,56
0,50,0,19,20,68,82,62
3,41,3,27,0,37,84,50
0,42,0,15,26,56,79,69
0,46,0,13,8,71,77,47
0,47,0,17,20,45,85,62
0,33,0,12,38,59,94,90
0,45,0,15,52,57,91,72
3,38,0,0,2,77,78,46
0,38,0,9,37,55,84,69
0,43,0,11,21,67,75,40
0,36,0,13,46,75,83,87
8,52,0,26,19,99,73,54
0,44,0,16,36,47,90,86
3,38,0,14,44,72,80,80
0,36,0,12,46,77,96,80
0,48,0,10,52,58,80,84
0,45,3,25,0,43,82,40
0,49,0,13,34,52,79,66
0,50,0,19,23,79,76,52
0,43,0,16,39,71,81,72
0,50,0,16,11,83,84,52
0,47,0,15,13,69,78,45
0,42,0,10,33,64,78,66
2,44,0,22,5,54,85,50
0,37,0,17,22,51,83,62
0,45,14,15,0,65,83,37
5,47,0,23,40,53,84,61
3,40,0,12,17,64,82,56
0,55,0,22,18,43,78,53
0,34,0,9,35,67,98,76
1,42,16,20,0,53,83,11
0,44,0,17,22,47,75,47
0,46,0,22,12,54,86,62
0,44,0,16,44,59,83,70
5,54,0,30,12,97,76,47
0,43,0,10,12,54,82,41
0,40,0,9,49,81,86,50
0,37,0,11,26,73,89,64
0,39,0,10,42,71,79,67
8,47,0,23,15,60,90,57
0,35,0,7,15,52,72,47
2,56,0,28,22,65,77,34
12,56,8,34,0,87,90,46
0,35,0,11,52,73,96,84
0,42,0,12,19,53,74,43
6,44,0,20,45,86,79,57
0,40,0,14,10,53,86,51
0,38,0,9,29,36,89,84
2,52,0,21,62,56,77,76
0,38,0,9,19,49,81,53
0,48,0,18,9,64,86,53
0,48,15,21,0,39,84,39
4,49,0,26,20,42,82,35
0,38,2,10,0,39,69,29
0,51,0,24,13,52,84,66
0,39,0,10,22,59,98,71
14,48,0,28,59,60,85,84
2,39,0,13,57,89,82,65
0,42,0,14,58,46,94,84
0,38,0,10,50,71,91,78
9,45,0,24,25,86,85,59
0,41,24,16,0,85,78,36
0,24,0,2,66,69,100,100
0,48,0,21,25,50,79,35
15,49,21,35,0,39,83,32
5,43,0,22,20,60,84,60
0,25,0,4,62,85,86,87
14,50,0,29,5,55,85,47
0,44,0,22,19,73,71,55
6,47,0,22,32,79,89,67
0,43,0,16,25,44,91,61
0,32,0,3,42,59,98,89
0,42,0,13,15,50,90,59
0,36,0,10,75,65,86,100
0,40,0,11,58,50,83,85
0,50,0,19,9,51,78,39
0,49,0,18,48,78,80,50
0,55,0,26,45,54,87,41
0,43,0,13,10,55,76,39
13,52,0,30,3,78,87,50
17,63,14,40,0,100,92,42
4,39,39,22,0,57,91,36
11,52,2,28,0,82,79,27
0,37,0,12,23,73,88,68
0,35,0,9,75,80,80,93
0,44,0,25,4,71,80,50
0,43,0,18,32,45,87,74
0,39,0,12,51,70,100,93
0,32,0,7,46,65,88,78
7,42,17,27,0,87,96,51
0,36,0,16,11,75,85,31
0,46,0,13,4,68,77,29
9,51,0,27,25,100,75,37
0,46,0,17,41,52,81,63
0,33,0,7,25,66,89,62
0,35,0,9,21,73,83,55
0,39,0,9,34,70,78,60
0,41,0,11,38,58,78,52
8,50,0,31,49,72,84,55
7,45,2,23,0,43,92,44
1,39,0,13,53,73,92,88
0,34,0,18,47,74,74,68
0,31,0,5,41,66,85,77
0,39,0,20,17,55,85,51
0,44,0,14,23,80,67,31
3,43,0,21,5,44,88,50
0,36,0,12,46,82,84,72
1,42,9,22,0,38,80,39
5,42,0,19,55,69,79,82
0,40,0,12,61,73,74,78
6,43,23,25,0,45,82,46
0,31,0,7,46,77,99,82
6,49,0,24,2,67,96,53
0,44,8,14,0,50,85,43
12,51,0,28,23,80,84,56
0,39,8,22,0,64,67,35
0,43,0,14,30,67,83,60
0,40,0,10,26,57,87,63
0,38,0,13,6,60,85,48
0,34,0,7,16,72,88,58
0,39,0,15,19,72,87,61
0,45,0,17,39,53,92,89
0,44,6,20,0,66,75,32
3,36,0,11,64,68,83,86
0,34,0,10,42,70,87,77
0,39,0,11,39,71,83,63
0,43,13,14,0,56,77,30
0,36,0,10,17,56,91,63
0,43,0,10,35,59,92,61
0,41,0,11,31,64,85,51
4,47,2,27,0,42,83,35
0,35,0,11,48,69,100,89
0,44,20,14,0,58,86,33
5,43,14,22,0,65,90,41
0,39,2,15,0,58,80,35
14,49,0,30,49,48,85,84
0,40,0,9,28,67,77,62
4,39,7,21,0,62,85,26
0,44,0,15,53,64,92,75
0,41,0,9,20,74,80,54
0,41,0,15,4,39,84,50
0,44,0,15,17,68,71,38
0,40,0,16,26,68,85,68
0,38,0,13,55,64,82,95
0,34,0,4,39,68,96,79
0,49,0,15,12,70,69,26
0,41,0,12,49,73,95,82
0,45,0,13,36,62,90,84
0,50,0,19,42,70,90,74
1,47,0,18,33,46,93,84
0,36,0,14,53,65,93,96
0,34,0,8,27,68,82,58
0,40,0,18,26,53,81,67
0,39,0,7,40,68,88,78
2,52,0,26,36,64,87,24
0,41,0,15,24,59,81,57
1,42,0,13,44,64,81,72
0,41,0,21,25,63,79,59
0,40,0,6,45,74,77,74
0,36,0,17,10,64,87,58
0,46,0,15,42,58,87,80
3,50,0,23,9,64,83,30
3,54,0,29,32,45,88,21
0,35,0,11,68,79,90,100
0,43,0,14,29,65,78,52
2,43,0,14,10,69,78,49
0,45,0,18,7,46,90,57
1,32,0,12,1,53,90,47
0,44,0,13,59,81,73,48
0,53,0,21,35,52,87,86
0,48,6,15,0,53,91,41
0,38,0,13,38,61,79,69
2,47,0,21,59,71,86,60
0,43,0,11,54,93,77,47
0,47,0,20,26,58,80,50
0,35,0,6,24,66,83,58
0,38,0,14,61,78,91,88
0,50,0,14,32,62,80,71
6,42,0,19,41,46,82,64
0,44,0,11,35,58,73,63
0,32,0,7,47,67,86,87
0,41,0,21,4,57,85,39
2,45,0,19,36,62,86,68
15,59,0,35,8,100,77,39
9,41,0,23,19,41,93,66
0,40,0,9,30,56,74,45
0,24,0,3,51,74,83,75
0,43,7,21,0,24,84,37
0,43,0,19,25,56,79,58
0,43,0,16,27,52,81,43
0,52,0,19,7,53,84,45
7,53,0,29,43,68,77,53
10,50,0,27,32,75,90,65
0,46,0,22,5,26,84,40
10,50,0,26,43,74,82,60
0,44,0,18,40,66,83,71
0,42,0,15,20,53,84,58
8,53,0,35,1,50,72,39
0,44,0,14,33,63,90,66
6,40,0,17,26,88,88,61
0,45,0,16,39,66,94,74
0,47,0,20,33,49,87,49
13,57,0,33,25,92,85,48
6,40,0,19,27,50,86,70
0,35,0,4,38,51,96,78
0,40,8,21,0,50,82,30
3,54,0,27,2,52,91,44
0,41,0,6,10,59,73,33
0,38,0,5,55,86,72,53
0,43,22,19,0,82,86,38
0,43,0,11,26,45,94,75
0,34,0,10,63,67,92,100
0,34,0,7,48,69,79,73
8,44,0,25,28,78,81,59
0,47,0,16,3,51,74,33
0,33,0,5,16,56,89,43
0,45,0,13,17,56,80,48
1,48,0,21,13,90,89,54
0,39,0,10,12,68,88,53
0,52,0,20,14,71,76,50
0,45,0,18,15,53,74,23
14,60,0,36,7,100,78,33
0,36,0,17,30,62,88,76
4,40,0,15,16,85,85,45
3,46,31,24,0,74,88,34
0,43,0,15,32,47,85,60
1,37,0,15,24,51,91,49
1,40,17,17,0,57,90,45
12,48,0,27,63,70,78,59
0,43,0,12,1,72,66,28
4,53,6,24,0,49,80,36
1,32,31,14,0,62,88,35
0,51,0,26,35,82,72,26
0,47,0,19,15,49,87,46
4,40,0,26,6,70,82,49
2,49,0,19,23,62,82,58
0,52,0,18,10,72,77,37
2,48,0,20,19,47,89,60
0,26,0,6,62,82,100,84
0,39,0,12,14,49,89,57
12,52,0,31,7,65,96,59
0,40,0,13,29,68,82,44
0,39,0,14,30,73,87,65
0,45,2,19,0,33,84,41
1,43,0,12,16,61,89,54
0,35,0,17,24,67,93,49
4,42,0,17,30,62,78,64
0,36,6,4,0,72,86,37
1,35,11,15,0,61,100,48
0,45,5,21,0,35,83,43
4,51,0,26,30,56,84,36
0,30,0,9,12,64,80,40
0,45,0,20,1,41,85,40
7,44,0,21,68,65,77,77
0,39,0,12,44,74,80,74
0,50,0,21,56,85,71,40
0,42,0,10,10,56,72,45
1,44,0,18,20,50,87,60
1,50,0,27,24,49,86,22
0,45,0,14,18,45,82,53
7,56,0,30,32,87,72,57
0,40,0,23,17,66,84,64
8,47,0,23,25,62,92,67
0,33,0,8,45,65,85,79
0,44,4,15,0,93,83,42
15,60,0,36,15,93,86,49
6,44,0,19,11,82,89,55
0,48,3,19,0,69,82,41
11,57,38,33,0,94,93,36
0,51,0,26,38,96,69,43
4,41,0,27,14,81,75,39
6,45,0,21,30,58,86,65
0,35,0,9,47,67,84,65
13,51,7,29,0,57,90,27
5,34,0,12,21,71,93,64
0,32,0,7,65,66,78,77
1,44,0,16,33,53,85,69
0,43,0,17,7,30,94,54
0,39,0,12,45,69,91,88
0,42,0,17,27,36,83,50
5,55,0,25,19,94,92,58
5,43,0,17,13,80,90,44
0,44,0,16,45,80,76,57
0,46,0,18,49,76,78,69
0,39,0,10,1,55,85,46
1,40,24,19,0,65,85,35
0,39,0,9,4,66,90,53
0,34,0,8,52,77,84,79
0,37,27,16,0,60,88,30
12,52,0,32,6,83,88,52
0,29,0,2,37,81,89,73
0,45,0,17,58,54,100,100
0,41,0,11,2,86,78,33
6,44,0,18,31,76,88,68
0,42,0,16,38,46,89,84
1,38,0,15,66,77,89,100
0,45,13,16,0,45,76,33
0,44,0,16,40,57,82,58
0,49,0,15,17,63,64,38
4,38,0,15,20,72,92,58
0,36,0,8,18,68,98,64
14,61,0,37,0,100,78,26
0,43,0,13,41,62,82,66
3,37,0,14,8,76,92,52
0,36,0,9,14,43,77,53
0,43,0,14,43,62,84,76
0,31,0,8,47,85,87,75
0,40,0,17,53,78,98,88
0,52,0,19,48,58,86,64
0,38,0,12,21,62,86,55
7,41,48,25,0,53,90,36
0,39,0,10,46,78,78,49
0,34,0,11,20,59,91,61
0,44,0,17,41,65,80,61
1,34,17,15,0,68,88,36
0,45,0,19,4,49,93,50
6,45,0,19,7,40,89,54
0,43,7,21,0,27,88,45
0,45,0,15,57,72,82,58
0,35,0,9,52,67,79,71
0,48,8,21,0,63,82,36
0,37,45,18,0,55,89,38
0,43,24,25,0,63,78,34
1,40,0,14,59,75,94,71
0,43,0,13,19,42,81,55
0,43,0,9,23,64,71,41
3,42,0,17,13,64,88,60
0,28,0,8,53,76,80,72
0,45,0,13,3,51,86,34
3,42,0,17,13,70,90,54
0,37,0,5,36,70,80,71
0,33,0,3,36,76,87,73
0,46,0,21,16,48,87,66
0,49,0,23,26,51,84,72
0,36,0,13,52,72,94,100
0,34,0,8,42,68,94,89
9,41,0,25,4,28,89,43
0,36,0,13,61,75,88,100
0,29,0,4,50,66,96,89
0,36,0,10,22,61,89,69
0,54,0,19,48,94,63,42
0,45,0,17,31,66,84,60
0,27,0,1,38,76,84,70
0,37,0,9,26,71,84,63
0,35,0,9,26,79,84,66
0,36,0,8,46,70,90,77
0,44,15,13,0,76,83,37
0,47,0,16,37,61,81,43
5,49,0,23,27,54,85,68
0,32,0,5,39,73,79,73
0,48,0,17,21,67,77,58
0,46,0,20,26,72,82,68
0,37,0,6,47,81,91,80
0,37,0,8,51,75,77,68
0,37,0,14,24,53,88,71
0,30,0,3,36,81,78,66
0,33,0,9,70,78,87,96
0,34,0,9,27,52,100,75
0,34,0,9,67,59,93,100
14,44,0,25,40,65,84,79
9,55,25,35,0,75,84,47
0,37,0,14,43,82,78,68
0,42,0,11,25,56,79,57
8,53,0,33,2,76,82,42
10,51,0,26,44,73,86,71
13,48,5,32,0,44,90,61
0,41,0,12,56,61,87,91
8,54,9,28,0,38,79,28
0,32,0,8,26,79,93,61
0,47,3,20,0,45,79,35
0,42,0,12,17,44,78,46
3,37,0,18,7,46,89,52
0,38,0,16,33,54,89,74
0,47,0,14,38,39,82,80
11,49,39,35,0,93,84,34
2,46,8,25,0,68,86,35
0,36,0,5,44,82,75,50
0,40,0,9,5,63,73,25
7,44,0,18,0,93,92,49
0,38,0,9,41,65,79,56
0,35,0,12,70,70,94,98
0,45,0,17,44,73,82,79
0,43,0,20,6,32,85,55
0,34,0,5,47,70,80,57
0,44,0,14,39,60,82,69
0,31,0,3,35,72,84,60
0,39,0,13,53,61,92,99
0,28,0,2,55,68,80,68
0,49,0,13,44,67,72,69
0,43,0,12,33,68,77,64
0,46,0,23,9,41,96,72
0,49,0,19,43,51,83,54
0,35,0,6,52,71,76,72
0,46,10,20,0,15,90,36
0,43,0,13,36,88,70,53
0,44,0,19,51,79,80,71
2,51,0,20,57,57,82,81
0,27,0,4,49,67,100,79
3,40,0,14,11,77,82,45
0,28,0,4,45,60,92,69
0,52,0,24,38,41,84,23
0,42,0,16,46,70,96,60
0,49,0,16,44,50,84,80
12,52,0,29,29,74,87,66
0,42,0,11,31,74,87,59
7,42,0,20,69,63,80,93
0,48,0,17,50,50,89,66
12,50,36,37,0,83,80,34
0,35,0,10,77,70,83,74
0,44,0,18,46,74,76,66
7,56,0,29,15,41,77,42
0,37,6,9,0,73,87,44
0,41,6,5,0,63,72,18
3,47,15,22,0,70,92,38
0,47,0,14,29,40,88,67
8,52,0,27,14,41,86,52
4,37,44,21,0,52,89,34
0,44,0,12,29,41,83,45
0,38,12,18,0,46,82,38
0,48,9,22,0,63,78,28
0,38,0,6,47,79,73,61
14,61,7,36,0,100,82,39
4,31,0,0,30,59,79,72
0,54,0,18,34,51,87,51
0,38,0,14,61,65,85,74
0,30,0,6,49,74,86,84
0,41,9,20,0,40,82,38
14,58,5,35,0,84,89,46
0,45,0,20,11,41,82,59
9,36,0,16,58,73,86,82
7,48,0,20,7,100,85,49
2,43,0,14,22,61,86,62
2,48,0,20,15,79,83,50
0,40,0,8,48,49,75,77
2,49,0,25,20,43,88,58
0,48,0,14,18,59,64,42
0,44,0,13,45,58,85,80
0,50,0,20,16,40,87,53
5,46,0,29,29,86,76,52
13,47,0,29,60,69,89,69
0,47,0,20,12,26,73,22
0,49,0,18,15,50,87,60
0,40,0,8,23,56,87,57
0,45,14,20,0,26,84,43
0,41,30,21,0,86,85,38
4,41,22,26,0,53,86,40
0,31,0,5,62,82,100,88
5,40,0,16,0,67,91,38
0,39,0,7,35,71,77,44
0,45,0,22,16,71,83,60
0,42,0,13,51,67,79,78
0,39,0,17,14,73,76,49
0,38,0,11,4,47,87,53
0,50,32,19,0,68,90,38
0,48,0,21,21,53,87,49
0,36,0,12,16,48,95,39
14,54,0,37,13,100,72,27
8,43,29,26,0,42,86,34
0,38,0,12,32,50,88,65
0,39,0,9,37,72,85,73
0,43,0,16,26,76,77,49
11,59,0,40,20,66,79,30
0,52,0,22,13,100,81,24
0,39,0,9,2,88,75,35
0,43,0,8,15,60,73,41
0,46,8,17,0,33,94,30
0,37,0,9,39,80,83,58
0,34,0,9,54,71,86,84
1,40,0,14,34,83,87,70
15,58,12,37,0,76,87,46
1,38,3,18,0,52,88,50
0,48,0,19,0,32,83,41
0,40,0,15,2,41,83,32
0,49,0,17,42,56,90,91
0,35,0,10,31,58,90,67
12,49,0,27,33,80,92,72
0,52,2,22,0,32,94,45
12,52,1,27,0,60,91,40
0,39,0,12,28,81,81,60
0,48,0,17,41,57,98,82
3,48,22,22,0,92,71,40
14,64,0,39,12,100,91,55
0,45,0,14,45,57,80,69
0,44,0,16,53,78,73,69
5,50,24,26,0,34,85,38
0,42,0,14,15,39,79,50
3,40,0,16,52,63,98,100
0,43,0,12,5,56,70,34
0,44,0,23,2,26,86,46
0,36,0,10,24,59,77,54
0,46,0,13,38,68,91,78
0,35,0,9,32,68,94,70
0,45,10,13,0,51,78,37
0,51,12,18,0,62,78,36
0,42,0,10,28,68,75,42
1,33,0,9,52,52,80,82
0,35,0,8,38,67,90,77
0,41,0,13,35,59,80,50
0,41,0,14,30,64,83,64
12,53,0,32,20,84,91,59
0,44,0,14,35,55,80,73
0,40,0,12,46,67,89,79
0,41,0,14,31,50,81,51
0,52,0,16,17,60,77,50
0,50,0,19,40,59,87,87
1,44,0,19,2,39,87,35
0,36,0,10,47,61,85,41
15,56,0,36,5,73,87,50
0,36,0,11,17,89,85,54
1,39,0,20,15,44,91,68
0,40,0,13,40,65,80,61
0,40,0,11,14,53,96,67
0,27,0,0,51,89,86,77
0,49,0,24,18,61,73,29
0,37,0,6,7,69,87,54
0,31,0,2,45,85,81,54
0,47,0,16,35,78,78,50
5,51,0,25,14,43,82,45
0,35,0,9,38,66,99,77
0,45,0,18,37,72,75,68
2,44,0,26,5,88,76,38
0,42,0,12,34,65,82,69
0,41,14,15,0,59,94,46
0,48,0,19,34,61,89,68
0,41,0,14,36,74,77,65
0,46,0,17,19,50,71,30
0,34,0,5,41,70,78,68
0,36,0,19,43,61,93,86
0,41,32,17,0,71,77,18
0,44,4,21,0,45,83,43
8,44,0,20,46,66,92,73
5,52,0,30,9,78,80,24
0,47,25,22,0,62,85,39
0,31,0,8,20,55,89,59
0,45,0,17,37,58,96,80
0,50,22,19,0,57,75,24
0,40,18,16,0,77,83,26
0,45,0,15,12,22,80,48
0,45,0,17,9,38,82,52
0,31,0,1,55,89,88,83
0,41,16,22,0,43,88,48
10,49,0,25,16,64,87,45
2,46,0,21,9,21,88,49
0,38,0,10,17,63,91,50
4,54,0,24,11,50,80,37
10,56,6,31,0,24,85,36
0,50,5,21,0,83,82,41
0,46,0,20,18,48,78,53
0,38,0,13,39,67,96,79
0,46,13,21,0,47,82,32
0,48,14,16,0,64,82,36
0,36,0,6,50,77,77,57
0,44,0,14,59,60,88,89
0,37,0,16,17,75,81,43
5,43,52,27,0,73,89,32
0,37,0,14,19,51,86,63
8,52,0,28,6,48,97,63
0,46,6,20,0,38,82,44
0,42,0,11,52,63,81,86
17,59,0,37,26,93,80,53
0,37,0,11,43,70,99,84
15,63,11,39,0,100,78,34
0,43,0,14,45,82,84,73
0,47,0,19,24,71,78,59
4,41,0,14,35,58,90,75
0,47,0,21,27,64,86,50
8,54,0,30,8,64,81,53
2,42,0,16,16,76,100,59
0,44,0,12,35,57,86,67
1,48,0,19,34,69,74,62
0,44,0,15,1,54,80,33
3,44,0,18,32,66,82,73
5,46,0,17,2,69,94,51
14,60,0,36,8,100,81,42
0,44,0,10,23,60,73,30
0,29,0,8,11,53,91,41
0,51,0,21,13,69,87,61
0,39,0,10,12,100,97,56
0,35,0,6,40,73,96,83
9,43,0,31,16,75,78,44
0,36,0,13,59,68,86,87
0,39,1,7,0,75,86,45
0,41,0,15,41,69,91,75
0,24,0,6,65,80,100,93
0,40,0,16,11,58,93,65
9,41,0,14,24,57,92,68
9,55,0,29,17,92,88,56
0,45,11,17,0,51,85,33
0,47,0,21,10,41,85,53
0,46,5,17,0,85,83,28
0,35,0,7,69,74,76,77
3,47,0,23,30,68,82,64
0,30,0,7,54,77,100,96
0,46,0,20,6,22,87,50
7,50,0,33,14,61,81,23
0,35,0,10,38,75,88,80
0,50,12,23,0,55,77,29
0,36,0,5,27,80,84,56
0,41,0,20,42,66,81,69
6,49,0,27,36,66,90,77
0,30,0,7,58,81,88,96
0,43,0,18,28,81,83,66
4,44,3,16,0,52,92,46
8,45,0,25,23,68,89,68
0,36,0,8,60,73,82,71
0,35,0,6,26,94,88,54
0,37,0,7,42,72,81,52
5,54,0,24,32,65,82,63
0,48,0,19,30,53,83,61
0,37,15,9,0,65,84,35
0,48,0,18,28,46,82,74
0,33,0,4,51,72,77,74
0,31,8,8,0,42,78,35
7,45,1,22,0,59,95,43
0,40,0,9,41,57,80,73
0,47,6,18,0,45,75,25
5,45,0,20,28,46,88,58
13,53,0,29,21,85,81,52
0,37,0,17,19,69,91,58
0,40,0,14,32,78,86,65
0,41,0,15,40,66,81,69
4,40,0,24,29,75,76,45
2,44,0,15,2,60,73,10
0,40,0,14,31,65,82,72
0,28,0,5,64,83,77,86
0,37,9,14,0,50,86,30
14,51,0,32,11,65,82,51
5,43,0,23,42,69,84,70
0,46,0,14,37,63,81,61
0,33,0,5,32,57,82,69
0,46,0,15,30,60,85,68
0,26,0,1,67,70,76,87
0,33,0,0,45,79,87,84
9,48,0,26,41,98,80,60
1,40,0,12,27,67,97,71
0,38,0,13,33,58,100,84
0,36,0,9,28,69,90,58
0,34,0,11,38,55,85,69
0,39,41,28,0,68,87,38
0,34,3,5,0,55,95,48
0,47,0,18,24,44,99,77
0,38,0,10,36,55,79,61
7,50,0,22,31,81,81,58
0,44,0,18,35,44,90,88
0,49,0,19,29,79,83,61
0,38,0,8,28,61,74,68
0,42,0,12,55,67,76,77
1,35,0,10,58,77,84,91
0,44,0,18,30,48,80,66
13,55,7,35,0,93,82,44
0,47,0,19,12,26,90,67
0,40,0,14,44,78,86,77
2,40,0,16,51,81,85,83
0,31,0,6,39,71,84,64
0,46,4,19,0,66,79,40
2,48,0,27,40,59,80,60
0,36,0,10,32,69,82,67
0,49,0,18,28,38,74,57
0,49,0,15,4,77,77,42
0,47,0,18,46,59,89,63
6,53,0,25,4,25,81,35
0,44,0,14,41,50,86,80
10,57,0,33,15,84,87,55
0,44,0,15,20,81,77,54
0,38,0,11,34,60,85,64
3,51,0,18,1,70,85,48
0,48,0,18,31,51,70,47
1,49,0,23,57,62,76,47
0,35,0,9,55,78,89,85
0,38,0,8,30,66,74,55
0,38,0,8,41,62,84,73
13,56,31,35,0,81,76,29
0,55,0,26,38,99,65,36
0,49,18,18,0,49,82,34
0,42,0,15,12,77,91,48
0,44,0,13,17,53,81,59
4,47,6,29,0,47,89,61
0,38,0,10,32,72,75,59
0,47,0,15,21,30,85,57
5,21,0,0,54,65,87,85
0,29,0,8,52,72,87,79
13,47,52,30,0,64,94,33
0,44,0,15,37,59,80,53
1,43,0,17,51,67,100,85
0,47,3,19,0,56,92,44
11,53,22,32,0,87,87,42
0,46,0,17,17,56,82,50
8,46,25,26,0,70,89,29
0,47,0,15,26,56,83,72
0,39,0,10,24,77,78,56
0,33,0,5,36,52,84,81
0,37,0,3,21,56,90,68
0,41,0,7,17,57,86,68
12,51,0,30,6,69,75,36
0,41,0,10,14,72,85,54
3,53,0,26,14,57,90,65
0,30,0,9,57,68,100,84
0,39,0,7,38,70,86,66
0,44,0,14,9,27,84,44
0,45,0,16,27,79,76,41
0,38,0,11,43,70,84,74
0,32,0,9,44,55,86,76
0,48,0,17,48,58,86,92
0,33,0,10,64,76,88,84
0,52,24,28,0,76,78,38
7,49,0,26,20,69,88,67
8,45,35,25,0,84,97,51
1,39,0,13,25,43,96,76
0,30,0,8,54,69,89,75
0,42,0,12,22,67,86,74
0,37,0,11,34,65,95,78
0,42,0,12,6,49,91,55
0,47,0,19,33,50,84,84
0,42,0,7,25,57,81,61
0,42,0,11,4,69,73,31
6,42,0,21,48,81,92,89
5,41,18,26,0,53,87,44
0,48,0,28,16,60,81,54
0,47,0,15,50,91,70,60
0,51,0,18,27,70,77,60
0,41,0,15,21,70,86,72
0,38,0,12,47,61,85,67
0,42,0,16,32,70,78,57
0,35,0,8,27,78,89,67
5,41,0,16,25,65,77,43
0,36,0,8,13,64,80,43
0,39,0,16,24,59,83,62
0,49,0,18,13,57,85,52
0,36,0,7,39,71,80,72
0,37,0,11,54,70,88,85
1,29,0,6,40,75,92,77
7,49,16,31,0,48,86,47
0,38,0,11,41,67,77,70
0,39,0,11,34,65,84,72
0,49,0,19,34,67,78,66
0,38,0,12,71,70,92,70
2,49,5,21,0,54,85,41
0,49,0,20,35,69,78,62
0,44,0,12,36,60,83,66
0,53,0,20,13,39,90,64
0,49,0,18,22,55,77,62
7,39,0,14,26,66,94,67
5,53,0,29,27,78,91,37
0,39,0,9,31,53,87,77
0,50,20,24,0,82,77,40
8,44,7,24,0,63,92,54
0,40,0,10,44,48,81,80
0,44,0,15,39,72,82,68
1,34,0,11,14,71,90,51
2,48,0,22,32,73,86,49
12,50,52,31,0,79,91,39
0,51,0,20,29,75,74,53
2,38,0,17,13,44,85,21
0,55,0,26,36,71,81,42
6,48,16,25,0,52,86,41
0,40,0,7,16,51,86,70
1,22,0,6,51,99,87,78
8,43,9,24,0,72,100,57
9,45,44,27,0,67,98,54
8,46,0,24,38,73,91,77
0,40,0,12,20,75,87,60
3,37,0,13,52,77,87,78
13,51,0,30,19,60,84,63
10,48,0,22,0,87,84,43
0,41,0,11,10,59,86,51
0,41,0,12,44,69,79,69
2,49,0,21,11,55,87,46
0,41,0,12,44,64,89,85
7,42,6,21,0,67,83,33
0,38,0,11,47,56,85,76
0,50,0,19,13,35,78,41
0,35,0,4,23,67,81,65
4,42,8,28,0,45,87,52
0,45,0,15,44,58,83,76
0,21,0,1,58,73,94,80
5,44,21,25,0,40,88,44
0,36,0,7,35,66,75,55
10,55,0,30,32,71,94,70
9,53,0,30,33,82,80,24
0,49,6,21,0,36,79,46
9,52,0,25,0,91,81,39
8,50,0,26,52,75,89,56
0,44,0,9,38,75,73,53
0,46,0,13,16,72,72,46
0,48,0,16,7,65,80,39
0,37,0,8,35,64,75,58
0,48,0,17,15,63,82,42
0,39,0,10,46,52,85,80
2,45,0,19,29,44,90,77
0,38,0,12,44,81,78,73
1,35,0,11,48,67,88,82
6,40,0,17,35,69,87,75
0,49,31,25,0,86,73,27
0,49,14,17,0,53,79,39
0,46,0,18,61,65,79,57
0,46,0,16,26,68,81,55
0,49,0,19,16,36,81,48
0,42,0,15,22,61,85,61
0,28,0,8,55,77,93,81
0,50,0,15,2,47,78,35
0,34,0,6,39,66,76,64
0,46,0,15,16,53,78,53
0,54,0,26,24,72,70,42
6,48,0,25,24,58,80,38
9,51,0,27,28,79,89,64
0,38,0,11,32,79,77,52
0,20,0,0,38,78,100,73
2,42,0,17,19,30,97,72
0,35,0,10,41,60,90,72
0,49,0,20,29,47,88,77
9,49,0,28,3,82,90,54
4,44,0,18,20,67,85,61
0,53,0,23,19,88,72,42
7,50,0,23,20,80,80,46
0,45,1,20,0,47,86,51
3,49,0,32,15,43,81,54
5,53,13,26,0,95,87,33
0,40,0,16,23,63,88,68
0,42,0,15,38,68,85,73
0,41,0,13,64,73,86,79
9,56,0,30,3,72,94,51
7,46,0,22,30,66,88,74
0,49,0,19,2,58,75,36
0,42,3,20,0,25,92,50
13,52,50,33,0,73,86,39
0,51,0,22,12,77,67,34
0,40,0,11,33,57,75,46
7,47,11,24,0,50,82,33
0,36,0,13,34,51,85,62
0,42,0,9,25,42,84,64
0,56,24,22,0,59,80,35
0,35,0,3,6,55,78,53
0,39,0,6,38,58,78,73
2,48,0,20,33,73,82,53
0,51,0,21,2,62,83,35
0,27,0,4,36,79,84,66
10,51,17,29,0,73,84,31
0,47,8,14,0,61,81,39
1,42,8,16,0,58,86,41
0,30,0,6,41,81,94,82
0,49,0,18,38,52,85,73
0,45,0,15,14,64,73,41
10,43,0,26,2,54,96,63
0,42,0,11,22,59,86,62
2,44,0,18,1,59,90,42
4,39,0,17,23,58,81,61
0,49,0,28,26,35,82,76
3,50,0,30,20,46,78,63
2,50,0,24,11,61,88,57
6,45,0,22,53,67,96,98
3,45,0,16,37,64,90,73
0,46,0,15,46,53,85,75
0,48,0,27,19,93,60,33
6,52,0,28,11,73,91,56
0,42,0,12,13,54,95,71
0,50,0,18,37,74,76,46
0,37,0,11,38,71,85,75
6,42,13,26,0,28,90,45
0,50,12,21,0,51,79,31
0,29,0,4,51,80,82,84
4,42,0,16,35,69,93,78
10,51,11,31,0,68,86,47
0,47,22,17,0,68,80,37
0,37,0,13,34,69,87,63
0,37,0,11,34,65,87,71
0,31,0,9,55,67,85,67
1,37,0,10,51,54,93,86
0,49,0,19,1,58,84,49
4,50,0,23,63,84,79,67
0,29,0,8,65,72,90,73
0,43,0,14,44,76,92,62
0,38,0,12,50,78,80,76
0,37,0,10,15,57,80,46
0,27,0,4,45,89,79,73
3,41,0,16,36,75,80,67
0,35,0,11,49,74,85,78
5,47,0,26,15,35,83,56
0,45,0,15,21,62,79,64
0,45,0,22,3,81,76,30
10,50,0,27,6,63,90,63
0,48,9,16,0,57,79,34
0,29,0,6,34,77,87,66
0,42,0,16,25,54,86,59
0,48,0,16,28,43,81,59
0,34,0,10,42,58,93,74
0,40,0,17,45,79,84,75
0,31,0,8,53,66,90,80
0,44,0,11,38,53,95,87
4,53,0,26,1,22,90,53
0,34,0,9,38,77,85,69
0,53,11,25,0,90,67,28
0,45,0,17,52,71,83,80
0,54,0,21,21,34,84,41
0,48,0,20,38,87,71,48
9,48,28,28,0,80,88,42
9,59,19,33,0,93,85,47
0,48,0,13,31,51,81,60
2,40,0,14,12,58,77,40
0,39,0,10,51,59,87,81
0,51,0,23,20,75,76,50
5,48,0,27,0,29,89,56
1,43,0,16,15,48,87,57
0,42,0,11,32,73,84,68
0,30,0,7,32,66,84,65
0,35,0,6,32,70,83,61
6,46,0,20,46,75,76,55
0,30,0,7,52,68,89,75
0,40,0,14,51,70,86,74
0,46,0,20,52,69,81,74
0,38,0,7,41,63,84,68
0,41,0,15,15,64,75,56
0,39,0,12,54,66,84,81
0,48,0,14,16,44,85,60
0,29,0,5,44,72,80,68
0,47,0,13,29,53,82,70
4,44,0,21,29,70,81,59
2,54,0,26,11,71,68,31
7,50,0,25,26,79,92,64
0,43,0,17,36,62,83,76
9,56,0,32,7,76,95,54
0,47,7,18,0,47,87,25
0,34,0,9,26,72,85,59
5,41,0,17,27,65,82,68
0,49,0,15,18,72,75,49
0,36,0,5,34,57,71,63
12,52,17,31,0,92,89,42
5,53,0,28,17,60,77,35
0,34,0,8,52,60,97,82
0,39,0,15,42,72,90,78
0,41,0,15,33,71,75,42
10,46,9,31,0,38,84,45
4,49,0,29,2,67,84,48
6,42,0,18,47,81,81,68
0,49,0,16,8,56,82,47
0,47,0,20,22,86,70,46
0,30,0,5,44,63,86,62
0,47,0,16,21,69,73,45
4,47,6,25,0,34,77,42
0,47,0,15,22,41,80,59
0,47,0,15,32,58,87,81
0,35,0,10,25,61,85,54
0,38,0,9,30,64,91,65
0,50,0,17,27,68,81,67
0,35,0,5,36,71,73,59
6,45,0,22,19,83,79,53
1,23,0,0,66,68,89,93
2,51,0,21,12,51,82,55
7,44,0,20,49,80,79,58
0,31,0,8,64,63,89,96
7,54,0,30,0,90,65,21
0,41,0,10,30,59,88,76
0,51,0,24,17,73,74,42
9,52,20,30,0,88,84,34
8,51,0,25,37,76,94,72
0,31,0,7,33,71,87,68
0,43,0,17,24,70,78,51
9,57,30,31,0,60,86,37
7,51,0,28,15,71,90,58
0,44,0,15,1,72,90,50
2,39,0,13,2,54,85,43
9,57,0,31,24,81,92,61
0,23,0,1,54,68,88,80
0,26,0,3,42,98,86,71
0,49,0,17,20,58,80,54
0,35,0,11,45,53,84,68
0,46,0,18,30,74,75,54
0,36,0,10,40,78,81,77
4,40,8,19,0,56,86,47
6,44,0,23,23,74,96,79
0,41,0,12,32,68,78,59
5,51,0,23,5,31,90,55
5,48,0,29,5,38,85,56
0,39,0,14,30,67,84,61
0,38,0,11,43,77,75,62
0,56,2,21,0,55,73,25
0,50,0,23,1,67,83,45
6,42,0,19,4,60,88,39
5,54,18,29,0,96,88,45
0,46,0,17,10,57,78,43
0,39,0,13,30,67,84,63
6,41,0,17,26,56,93,63
0,39,0,11,47,67,87,89
0,49,0,17,1,42,82,42
10,53,35,30,0,83,85,21
16,16,20,0,100,17,100,88
46,0,36,28,54,0,100,34
40,0,15,33,60,10,100,20
40,0,9,8,100,0,99,67
38,0,8,22,97,0,100,41
43,0,0,19,100,17,100,58
34,0,12,20,72,0,100,38
21,0,18,9,32,1,100,12
42,0,6,16,39,1,100,23
22,0,24,1,100,0,100,63
41,8,9,45,73,0,98,35
47,0,0,21,85,0,100,30
23,15,29,0,100,18,77,92
27,6,0,0,100,10,98,60
22,12,4,0,84,0,100,59
29,0,0,8,100,11,100,53
40,0,6,16,86,0,100,48
47,0,2,24,65,9,100,24
36,0,10,32,84,0,100,46
29,0,23,5,98,0,100,52
21,0,0,0,100,2,100,59
23,14,3,0,100,14,100,68
30,0,0,27,78,5,100,40
45,0,0,17,91,15,100,66
30,0,0,12,100,6,100,52
51,0,0,19,100,1,100,71
20,0,0,2,100,13,100,68
26,21,0,0,100,20,92,64
37,0,0,30,85,55,100,56
28,0,9,20,65,11,100,25
34,0,29,8,100,0,100,50
23,0,0,10,100,23,100,62
29,0,7,8,100,0,100,59
27,0,0,7,92,10,100,61
29,5,22,0,100,0,100,54
34,0,10,0,100,0,100,66
36,0,22,22,38,0,76,58
30,0,19,24,100,0,100,44
28,0,0,7,100,12,100,57
24,0,0,6,100,20,100,75
20,0,8,1,100,0,100,51
30,0,28,9,80,0,100,32
31,0,21,10,33,4,100,10
27,0,4,17,51,0,100,21
29,0,3,7,100,0,100,54
18,12,17,0,100,7,100,62
37,0,21,13,76,0,100,34
30,0,23,7,84,0,100,37
50,0,0,33,99,41,100,61
31,0,12,4,100,0,100,81
29,6,0,0,100,16,95,87
23,0,0,16,64,16,100,32
38,0,9,18,100,0,100,59
16,18,11,0,100,15,100,66
32,0,0,21,93,12,100,52
39,0,14,31,68,7,100,23
31,0,16,19,55,0,89,32
22,11,10,0,100,10,100,65
33,10,16,39,100,1,100,35
28,0,0,17,100,13,100,63
35,0,6,12,100,0,100,51
24,0,41,1,66,0,100,33
24,4,41,0,57,0,94,39
23,2,14,10,82,0,97,35
18,5,0,0,100,17,100,65
19,6,0,0,100,8,94,63
24,0,0,7,100,0,100,49
31,0,0,20,94,15,100,56
51,0,6,31,64,17,100,21
23,0,0,14,89,8,100,48
35,0,7,11,100,0,100,54
26,0,0,5,91,0,100,48
43,0,17,14,100,0,100,55
34,0,0,7,100,15,100,57
22,0,45,0,66,0,100,25
22,11,38,0,99,0,97,47
16,0,0,0,100,17,100,59
34,0,7,5,100,0,100,58
38,0,0,25,100,26,100,56
44,0,9,24,78,0,100,43
38,0,5,27,91,0,98,48
34,0,0,20,69,5,100,43
27,0,0,22,97,11,100,63
19,15,0,31,81,17,100,50
28,0,11,1,100,0,97,58
20,0,12,1,100,0,100,53
44,0,0,19,73,11,100,35
40,0,20,18,62,2,100,27
18,11,0,28,16,29,100,11
22,5,1,0,100,0,100,54
25,11,2,0,100,11,100,70
45,0,8,15,100,0,100,49
27,15,26,0,100,0,100,55
26,4,12,0,100,3,100,60
34,0,0,26,75,12,100,46
36,0,19,17,52,6,100,19
30,0,0,3,95,41,85,100
39,0,0,14,100,0,100,59
38,0,4,10,100,0,100,57
16,2,5,0,57,0,100,35
16,0,30,2,100,0,100,56
42,0,19,10,34,0,100,32
25,0,14,2,100,0,100,47
35,0,0,14,99,17,100,54
37,0,0,34,98,21,100,50
49,0,0,31,97,39,100,53
30,0,0,15,54,13,100,24
26,0,0,10,100,15,100,67
22,1,35,0,52,0,100,21
32,0,16,9,100,0,100,70
14,10,15,0,100,0,100,56
30,0,1,2,100,0,100,59
34,0,23,4,100,0,91,67
26,8,38,9,93,0,93,60
31,0,17,6,79,0,100,35
21,19,3,0,100,14,100,67
20,3,0,19,70,19,100,49
23,5,6,0,100,7,100,61
33,0,1,7,100,0,100,56
21,0,0,14,73,7,100,45
25,17,2,0,86,24,71,100
27,0,24,4,100,0,100,53
16,15,28,0,100,6,100,57
18,7,0,0,100,18,100,62
2,26,25,0,100,26,100,76
25,0,17,15,64,2,100,20
32,9,11,38,100,0,100,40
11,22,16,0,100,18,100,78
20,15,12,0,100,4,100,56
29,0,33,10,48,12,100,16
32,0,10,13,97,0,100,51
24,0,6,0,100,0,100,56
36,0,6,12,66,4,100,21
36,0,28,16,45,0,100,34
28,1,0,35,78,13,100,36
17,9,17,0,100,0,100,54
27,0,0,1,100,1,100,58
31,0,0,9,100,20,100,58
24,0,0,17,100,22,100,64
24,5,22,20,38,0,100,16
38,0,0,13,80,29,74,100
41,0,0,13,100,6,98,49
36,0,22,11,86,0,100,41
43,0,10,10,74,0,100,50
27,8,13,0,100,13,99,81
25,3,15,0,88,0,100,30
32,0,0,17,79,22,100,46
32,2,0,28,58,15,100,21
33,0,15,16,66,0,100,50
28,0,30,1,97,0,100,56
30,13,0,0,82,17,83,100
51,0,24,37,40,11,98,51
25,4,32,0,100,0,100,51
35,0,0,17,100,8,100,44
30,0,38,11,100,0,100,48
11,24,7,0,100,22,100,74
22,8,0,0,100,0,97,76
31,0,20,3,100,0,100,64
27,0,5,0,79,0,90,68
24,0,0,9,100,5,100,56
22,0,0,18,98,10,100,56
24,0,11,8,65,0,84,40
24,4,0,0,100,28,100,73
36,0,0,34,97,7,100,43
31,0,0,21,82,19,100,39
38,0,0,29,100,16,100,47
10,22,15,0,100,14,100,68
25,0,0,14,93,8,100,58
43,0,16,12,100,0,100,66
44,0,0,14,81,3,100,55
26,13,5,0,100,11,100,71
35,0,0,19,62,8,100,26
49,0,0,32,71,32,100,50
38,0,32,30,60,8,100,33
32,0,0,3,100,14,100,69
28,1,31,0,100,0,94,58
23,0,6,3,100,0,100,56
31,0,7,1,100,2,100,63
22,0,0,19,100,14,100,54
20,0,0,19,90,12,100,55
33,0,11,7,100,0,100,62
18,0,0,0,100,23,100,66
27,0,6,0,100,0,100,46
42,0,25,12,97,0,100,57
40,0,26,11,100,0,100,45
33,0,10,14,73,0,100,31
35,0,12,21,54,0,100,29
31,0,16,8,75,0,100,35
33,6,10,42,81,11,100,33
28,0,0,6,100,10,100,56
29,6,6,0,100,6,99,59
25,6,48,0,100,0,100,54
20,7,0,0,100,7,100,61
28,0,38,5,75,0,100,40
42,0,19,18,73,0,100,35
20,9,20,0,100,0,100,57
39,0,0,18,96,26,98,83
25,4,17,24,41,12,100,6
18,1,0,0,100,0,100,74
30,0,0,5,100,1,100,58
26,0,0,10,97,13,89,68
21,7,14,0,100,0,100,54
37,0,7,14,92,0,100,57
26,1,7,0,100,0,100,59
34,0,3,9,100,0,100,52
34,0,6,16,53,0,100,27
35,2,24,29,89,0,100,43
32,0,0,15,57,3,100,33
45,0,35,16,65,0,100,45
28,0,0,16,72,4,100,43
32,0,0,8,100,11,100,53
38,0,0,18,91,18,100,48
31,0,3,12,76,0,100,36
29,0,7,6,100,0,100,49
31,0,20,5,86,0,100,37
23,16,18,0,100,6,100,58
24,11,0,0,100,10,93,64
40,0,2,21,100,0,100,44
52,0,0,31,71,21,100,27
44,0,0,16,100,4,100,54
38,0,10,6,65,0,100,56
28,0,10,10,67,0,100,24
44,0,0,30,100,0,100,44
39,0,0,19,97,15,100,65
23,0,0,16,98,7,100,51
24,0,3,12,72,0,100,32
21,9,0,0,100,12,100,63
32,0,14,32,92,0,100,46
32,0,5,2,100,1,100,62
24,0,22,7,46,4,100,9
27,0,0,13,100,12,100,62
24,0,21,4,72,0,100,26
19,0,0,4,100,1,100,56
30,8,10,37,80,21,100,27
24,0,1,5,80,3,100,28
23,0,42,5,90,0,100,52
31,0,26,10,100,0,100,67
23,5,15,0,100,14,100,68
26,6,28,0,100,9,91,96
23,6,45,0,97,0,100,49
40,0,39,15,75,0,100,32
45,0,0,12,100,11,100,80
34,0,0,12,100,0,100,66
41,0,0,24,72,13,100,32
29,0,10,12,55,5,100,18
33,0,0,6,100,15,100,61
19,8,14,0,100,6,100,72
22,0,17,4,100,0,100,56
17,12,37,0,100,6,100,73
41,0,0,22,62,12,100,36
32,0,8,5,92,0,100,37
40,0,0,21,100,22,100,57
30,0,0,26,48,2,100,24
27,5,0,0,100,27,90,95
35,0,21,11,81,0,100,30
17,1,0,22,73,21,100,48
20,14,18,0,88,14,100,100
47,0,9,18,100,0,100,53
42,0,37,12,53,0,100,35
23,0,0,12,92,1,100,56
24,17,0,28,89,11,90,49
35,0,8,8,100,0,100,46
18,0,9,7,84,0,100,35
20,13,10,0,100,0,100,57
24,0,0,18,100,34,100,74
30,0,12,4,100,2,100,53
28,0,6,16,77,0,100,25
25,8,26,0,100,0,100,47
44,0,1,25,49,10,100,14
37,0,0,4,100,16,86,90
20,12,0,0,100,23,100,77
29,2,1,0,100,0,85,59
20,4,20,0,100,0,100,46
20,0,17,8,62,8,100,26
45,0,9,11,95,0,100,74
20,3,39,0,69,0,100,31
27,0,0,15,100,4,100,50
35,0,0,18,95,12,100,66
37,0,0,31,92,20,100,45
27,4,1,0,100,0,100,49
39,0,0,24,100,1,100,48
43,0,0,18,63,10,100,43
32,0,0,10,74,0,100,37
27,0,7,9,57,0,100,22
18,23,12,0,100,16,96,76
21,0,0,21,67,24,100,35
27,0,0,20,60,3,100,19
25,6,7,0,85,2,100,80
38,0,5,28,85,0,98,39
26,12,3,0,100,0,100,48
32,0,16,1,100,0,100,47
42,0,9,21,58,8,100,17
37,0,0,12,100,11,100,60
32,0,1,15,96,0,100,49
62,0,0,31,100,11,100,55
40,0,9,20,67,0,100,25
38,0,0,21,84,16,100,52
27,8,0,0,100,5,100,65
27,0,0,25,100,20,100,59
26,6,0,29,75,47,100,44
39,0,20,17,100,0,100,49
40,0,10,15,82,0,100,30
39,0,0,10,100,25,97,88
42,0,14,27,63,0,100,36
23,0,22,1,66,0,100,37
23,0,0,9,100,9,100,59
28,0,28,5,72,0,100,31
20,6,5,0,100,0,100,47
40,0,2,13,100,0,100,56
37,0,32,7,100,0,100,62
33,0,3,29,78,0,100,29
40,0,0,23,100,42,100,62
30,0,0,15,94,13,100,52
27,0,25,16,58,9,100,21
23,0,0,6,100,3,100,57
19,22,11,0,100,11,99,65
41,0,0,27,95,27,100,64
38,0,16,12,100,0,100,54
25,0,7,3,100,0,100,58
18,10,0,0,88,12,95,100
28,0,15,8,93,0,100,46
23,0,19,4,100,0,100,48
35,0,9,11,100,0,100,55
50,4,0,37,61,33,100,22
35,0,0,15,78,8,100,47
23,0,22,1,89,0,100,35
40,0,0,13,100,1,100,58
21,0,0,8,100,11,100,53
25,0,2,9,84,0,100,38
30,0,0,17,48,12,100,39
32,0,0,26,78,14,100,33
10,20,24,0,100,15,99,89
26,9,19,17,76,2,100,28
24,0,33,2,69,0,100,31
19,0,34,4,73,0,100,27
25,0,18,9,91,0,100,36
31,0,0,12,83,3,100,49
17,11,0,0,100,13,100,64
29,0,18,11,100,0,100,56
32,0,31,4,70,0,100,45
27,2,15,0,100,0,100,61
37,0,0,23,78,29,100,62
23,0,4,3,100,0,100,57
22,3,0,0,100,12,100,49
36,7,10,40,92,8,100,36
21,0,0,9,79,1,100,38
29,0,19,1,100,0,100,48
24,0,10,10,55,3,100,17
25,10,0,0,100,44,99,72
26,0,13,6,74,0,100,28
38,0,28,12,83,0,100,34
21,9,0,0,100,41,100,85
41,1,10,42,71,5,96,32
29,1,11,28,70,8,100,23
24,0,32,9,56,0,100,46
31,0,0,15,95,11,100,59
24,0,24,4,49,5,100,16
32,0,16,10,50,0,100,20
22,1,10,0,100,0,100,57
34,0,0,16,100,19,100,62
48,0,0,32,100,25,100,58
23,0,12,2,100,0,100,62
34,14,19,43,94,0,100,35
37,0,0,10,100,4,100,59
21,1,45,0,69,0,100,27
31,0,18,8,87,0,100,45
27,1,12,14,72,0,86,42
33,0,0,10,100,12,100,72
54,0,0,26,100,14,100,53
39,0,0,26,98,31,100,64
31,0,0,13,100,8,100,58
16,0,0,4,69,7,100,38
37,0,2,23,86,0,100,36
29,3,3,0,100,0,95,46
45,0,0,32,100,10,100,53
30,0,27,8,55,0,100,20
25,3,3,25,67,15,100,27
18,13,2,0,100,19,100,75
39,0,10,27,75,0,100,30
40,0,0,19,96,7,100,44
36,0,14,23,59,8,100,20
42,0,0,18,100,4,100,53
42,0,14,22,27,14,100,8
22,19,18,38,52,9,100,18
46,0,0,31,81,22,100,39
26,0,32,6,89,0,100,34
26,0,25,12,60,0,100,35
14,6,44,0,95,0,100,50
30,0,0,10,100,6,100,56
15,21,17,0,100,11,100,61
31,0,3,9,100,0,100,60
56,0,5,24,100,0,100,53
57,0,0,26,70,0,100,45
31,0,8,5,79,0,100,42
35,0,0,18,100,27,100,69
11,22,3,0,100,18,100,69
42,0,0,26,51,10,88,41
25,15,8,0,100,19,100,81
15,2,22,0,60,0,100,28
28,2,0,32,53,18,100,26
18,0,19,1,100,0,100,67
23,6,9,0,100,0,100,57
31,0,0,18,48,10,100,28
29,0,12,1,100,0,100,59
42,6,0,41,74,15,100,32
18,4,20,0,100,4,100,73
27,0,52,2,68,0,100,55
10,20,24,0,100,14,100,64
29,0,6,1,100,0,100,54
25,0,0,10,100,20,100,68
38,0,11,8,100,0,100,43
21,14,11,0,100,13,100,67
27,0,7,9,63,0,100,28
27,1,47,20,82,0,100,64
19,2,42,0,89,0,100,52
37,1,0,32,66,43,100,35
20,4,0,0,100,8,100,70
40,0,9,20,74,2,100,26
19,0,13,10,63,0,100,32
27,1,51,0,100,0,100,54
31,0,0,23,55,8,100,27
22,0,5,14,52,0,100,32
39,0,30,9,100,0,100,61
17,8,0,0,100,15,88,79
39,0,8,12,100,0,100,55
22,0,11,5,100,0,100,56
30,3,20,0,100,0,100,55
35,7,20,41,80,7,100,29
21,0,2,8,86,0,100,39
40,0,13,13,100,0,100,61
51,0,8,39,97,3,100,54
33,0,21,24,49,11,100,17
37,0,0,24,90,26,100,53
24,0,0,22,71,24,100,34
24,0,0,4,100,0,100,52
22,12,20,0,100,13,94,73
38,0,25,8,100,0,100,48
36,0,0,31,73,13,100,26
36,0,19,4,100,0,100,53
22,0,12,7,59,2,100,20
41,0,0,24,100,9,100,55
29,0,25,0,100,0,100,56
39,0,2,26,78,0,100,30
33,0,6,21,22,5,100,8
28,0,24,3,100,5,100,72
40,0,0,26,85,14,100,37
31,0,0,19,63,19,100,29
39,0,2,13,100,0,100,55
25,0,0,4,100,34,100,72
32,0,8,10,95,0,100,46
22,0,0,1,100,0,100,54
35,0,33,23,45,0,100,42
30,0,16,19,72,6,100,27
36,0,6,19,78,0,80,48
48,0,0,27,100,22,100,62
29,0,0,4,100,0,100,52
28,0,0,25,83,2,100,41
26,6,27,0,97,0,90,67
33,0,0,17,63,7,100,21
22,0,0,7,100,14,100,70
29,0,34,8,76,0,100,37
26,18,18,0,100,0,88,62
19,0,0,4,100,14,100,64
35,0,0,23,37,16,100,28
42,0,21,15,72,5,100,22
30,0,0,29,93,11,100,52
39,0,11,14,75,0,100,31
27,10,16,0,100,11,87,96
35,0,4,6,100,0,100,54
15,2,0,0,100,30,100,73
24,3,3,15,91,0,100,38
34,0,0,21,100,20,100,65
20,0,1,10,85,0,100,43
31,5,27,0,100,0,100,57
28,4,28,32,47,26,100,21
18,11,0,0,100,28,100,68
43,0,20,18,60,10,100,15
37,0,0,18,79,0,100,46
30,0,20,8,92,0,100,83
24,0,0,10,100,49,100,85
21,0,0,2,100,24,100,66
25,4,0,22,63,16,93,69
40,0,29,12,89,0,100,38
37,0,5,21,31,0,100,32
26,0,20,8,90,0,100,53
22,0,0,24,95,22,100,57
28,0,0,11,77,2,100,28
22,0,0,17,100,7,100,49
30,0,31,10,55,0,100,22
39,0,10,24,90,0,100,39
34,5,27,36,56,8,100,24
19,12,10,0,100,0,100,66
24,0,0,11,100,24,100,64
32,0,15,8,95,0,100,56
37,0,3,14,84,0,100,53
98,17,100,77,16,44,100,0
28,0,27,7,46,0,100,19
32,0,10,15,51,0,100,24
50,0,0,21,53,10,100,36
23,0,10,4,100,0,100,56
36,0,0,22,61,19,100,28
27,0,9,2,100,0,100,55
46,0,0,22,100,0,100,39
32,0,9,14,73,0,100,23
16,16,0,0,100,21,100,71
27,0,26,15,40,10,100,21
28,0,0,7,50,0,100,18
42,0,10,14,100,0,100,55
22,0,0,3,69,8,100,27
19,15,29,0,100,1,100,52
40,0,0,24,55,17,100,21
25,0,32,1,55,4,100,16
39,0,0,3,100,1,84,92
22,9,0,0,100,29,100,72
30,1,10,0,100,0,100,66
21,13,54,0,100,0,100,58
46,0,3,18,100,0,100,63
33,0,20,10,81,0,100,46
22,6,25,0,100,3,100,63
38,0,0,25,100,4,100,48
21,0,2,8,100,0,100,58
18,2,19,0,100,0,100,54
9,23,30,0,100,18,91,85
49,0,4,26,89,0,100,43
37,0,0,21,74,18,100,51
7,29,22,0,100,18,94,76
42,0,5,11,100,0,100,48
43,0,21,24,63,0,100,25
28,0,0,20,69,9,100,35
18,2,0,0,100,35,100,76
30,6,10,0,100,0,81,52
25,4,18,20,55,12,100,22
21,0,0,16,77,36,100,55
34,0,7,8,100,0,100,55
27,0,2,0,100,0,100,48
31,0,35,18,100,0,100,46
34,4,0,34,97,4,100,48
21,0,2,2,100,6,100,61
36,0,0,21,66,14,100,28
35,0,1,11,100,0,100,46
30,0,15,8,68,0,100,23
31,0,0,6,100,12,100,46
37,0,17,6,100,0,100,56
18,0,0,0,100,18,100,42
23,0,13,7,78,0,100,34
35,0,0,12,100,22,100,60
37,0,15,29,75,4,100,26
26,0,0,9,100,1,100,54
25,0,8,6,53,0,100,23
39,0,31,30,69,0,100,71
31,0,0,13,99,14,100,76
24,0,0,6,100,19,100,74
49,0,7,16,85,0,100,71
31,6,0,34,51,35,100,23
31,6,9,0,100,16,100,76
36,0,5,7,100,0,100,67
33,0,0,19,100,5,100,53
30,0,0,12,100,4,100,59
17,9,42,0,77,0,100,42
20,5,8,0,100,12,100,68
32,0,8,5,100,0,100,49
38,0,35,13,57,2,100,20
44,0,0,23,89,19,100,52
18,0,5,7,60,0,100,25
31,0,0,21,83,4,100,35
19,12,0,0,100,33,100,76
40,0,0,16,100,19,100,58
38,0,0,20,89,7,100,42
43,0,34,21,64,0,100,45
43,4,0,35,71,21,100,40
22,3,0,0,100,23,100,77
17,14,0,0,97,10,100,83
26,0,0,10,74,1,100,28
31,0,38,9,64,0,95,54
46,0,0,28,88,19,100,38
42,0,1,25,46,14,100,12
49,0,0,23,91,13,100,52
34,0,0,15,95,9,100,55
23,0,0,20,55,19,100,33
43,0,16,8,75,0,94,62
44,0,0,25,97,25,100,61
42,0,19,8,85,0,100,68
28,0,0,15,69,20,100,42
34,0,1,24,58,0,100,28
28,0,47,1,46,0,100,31
37,10,10,47,67,9,100,29
36,0,31,19,55,4,100,23
32,0,5,12,71,0,82,100
42,0,0,18,100,11,87,66
36,0,11,6,100,0,100,60
25,0,0,1,100,23,100,74
45,0,16,18,100,0,100,52
44,0,6,22,70,0,100,28
18,16,28,0,100,0,97,58
18,0,12,6,52,0,100,15
57,0,0,31,55,4,100,20
25,4,31,0,55,0,100,35
31,0,12,16,97,0,100,51
20,7,31,0,100,0,100,54
18,10,14,0,100,7,100,66
28,0,6,13,100,0,100,50
33,0,16,4,99,0,100,41
37,0,29,16,83,0,100,72
38,0,0,27,55,17,100,39
20,7,24,0,100,2,100,57
20,15,12,0,100,16,100,82
35,0,3,11,100,0,100,78
23,0,0,10,100,18,100,58
32,0,9,20,68,0,100,41
33,0,3,13,100,0,100,61
43,0,34,16,42,4,100,15
25,6,38,9,74,3,100,25
29,0,0,12,87,6,100,48
24,0,5,12,65,0,100,28
37,0,28,17,53,0,100,52
16,12,0,0,100,14,100,90
20,17,0,0,100,12,100,60
28,0,28,1,100,0,100,44
18,19,30,0,88,26,85,100
50,0,5,16,100,0,100,66
28,0,0,12,86,1,100,38
14,10,59,0,100,0,100,55
31,0,12,21,70,0,100,43
34,0,0,11,100,5,100,54
43,0,0,18,93,0,100,48
46,0,0,22,78,11,100,51
35,0,12,26,88,0,100,49
28,0,8,2,100,0,100,51
28,7,49,0,25,18,75,85
24,7,9,11,61,0,85,47
29,4,17,25,100,0,100,47
29,0,31,6,50,0,100,17
32,0,4,5,100,0,100,57
37,0,8,17,76,0,100,60
49,0,30,16,100,0,100,46
32,0,3,13,59,0,100,24
20,0,0,3,100,8,100,61
23,9,9,29,24,6,100,7
33,0,25,25,59,6,100,25
15,10,3,0,100,5,100,70
35,0,0,15,84,24,100,58
33,0,0,12,100,7,100,48
33,0,14,19,40,2,100,21
37,0,0,20,35,4,91,46
32,0,19,12,100,0,100,72
38,0,28,20,100,0,100,47
19,19,7,0,100,16,100,70
25,5,0,0,100,22,100,76
18,8,29,0,100,3,100,61
17,6,0,15,46,13,100,28
41,0,5,11,100,0,100,60
35,0,0,12,100,4,100,66
24,0,0,18,90,11,100,52
34,0,0,19,81,6,100,47
25,12,15,0,100,2,100,57
35,0,0,22,80,1,100,30
24,16,30,0,100,3,99,60
30,0,0,20,82,18,100,33
26,18,0,0,100,4,100,64
35,0,19,21,77,0,95,33
28,0,0,13,100,14,100,57
9,18,0,0,100,12,100,68
31,0,21,31,95,0,100,39
27,0,35,3,82,0,85,100
29,0,29,4,73,0,100,47
35,0,15,4,100,0,100,54
38,0,29,12,78,0,100,41
19,3,0,0,100,14,100,60
34,0,7,31,86,0,100,32
30,0,14,8,99,0,100,56
41,0,0,14,100,5,100,50
26,0,0,6,100,26,100,82
22,3,0,0,100,16,100,66
19,0,19,3,100,0,100,53
24,0,13,4,93,0,100,42
35,0,8,16,82,0,100,40
25,3,19,0,100,0,100,55
29,0,0,3,100,3,100,51
26,0,34,0,86,0,100,47
35,0,12,17,58,3,100,21
28,0,59,3,25,0,90,42
45,0,3,20,100,0,100,45
25,14,19,0,100,17,95,87
19,3,13,1,62,0,94,39
25,1,0,0,100,39,100,63
9,27,6,0,100,14,99,60
43,0,0,22,85,11,100,38
39,0,0,14,84,18,100,72
31,0,0,21,79,15,100,51
34,0,16,8,100,0,100,49
33,0,7,12,100,0,100,46
39,0,11,18,83,0,100,41
14,18,43,0,100,7,100,58
21,6,0,0,100,44,100,83
30,0,10,15,100,0,100,48
36,0,0,24,83,10,100,50
31,0,0,18,100,19,100,62
15,5,21,0,100,0,100,43
34,0,33,7,61,0,94,57
43,0,8,17,96,0,100,51
20,0,37,3,27,11,100,8
29,0,14,6,77,2,100,29
39,0,24,30,49,10,100,25
27,0,1,14,100,0,100,55
40,0,11,16,100,0,100,53
27,3,0,0,100,19,100,59
24,0,0,4,100,13,97,69
47,0,18,15,85,0,100,49
34,0,0,15,100,3,100,64
32,0,26,17,50,5,100,17
18,12,26,0,100,11,100,69
33,0,19,5,91,0,100,56
22,24,0,0,100,17,88,77
31,0,7,22,98,0,100,40
21,8,11,6,96,0,98,44
35,0,5,25,62,9,100,20
47,0,0,18,99,1,100,67
18,0,0,11,93,8,100,53
25,0,16,0,81,0,100,32
32,2,0,35,93,11,100,39
16,16,0,0,100,32,100,79
29,2,0,0,100,14,100,73
44,0,15,17,88,0,100,42
35,0,0,10,100,2,100,49
42,0,1,27,76,0,100,31
43,0,22,16,75,0,100,42
44,0,11,15,100,0,100,55
26,27,19,0,100,9,65,92
21,1,22,0,86,0,100,46
28,0,0,4,37,24,67,84
44,0,0,39,70,39,100,72
36,0,0,23,70,23,100,54
45,0,3,16,100,0,99,52
8,23,44,0,100,8,100,63
25,0,45,2,87,0,100,49
45,0,21,33,77,15,100,28
23,10,44,0,100,0,93,74
39,0,22,11,100,0,100,56
12,23,8,0,100,11,100,60
45,0,8,18,86,0,100,38
32,4,11,0,100,0,95,78
39,0,4,16,96,0,100,51
17,8,0,0,100,13,100,64
13,12,58,0,65,0,100,33
31,0,0,14,94,5,100,50
12,11,16,0,100,0,100,58
26,12,4,0,100,2,100,58
21,14,5,0,100,13,100,64
36,0,23,11,100,0,100,51
34,0,14,8,100,0,100,57
13,9,0,6,84,20,100,55
33,0,26,6,100,0,100,55
37,0,0,24,67,6,100,27
23,13,24,0,100,0,100,54
54,0,0,27,90,16,100,58
27,0,6,1,100,15,100,69
18,0,0,5,100,45,100,72
38,0,31,12,67,0,100,39
36,0,0,22,63,10,100,33
16,21,27,0,100,0,96,60
50,0,0,34,86,14,100,38
17,16,24,0,100,11,100,62
15,13,44,0,100,0,100,50
43,0,0,27,70,2,100,33
6,22,27,0,100,12,100,61
46,0,0,29,95,7,100,46
17,20,25,0,100,16,100,77
19,0,0,7,100,16,100,71
34,0,2,6,100,0,100,65
43,0,18,16,98,0,100,50
24,3,34,0,100,11,100,62
23,17,22,0,100,10,100,66
38,0,11,11,100,0,100,54
29,0,0,7,100,5,100,55
42,0,4,22,73,0,100,35
19,4,0,0,100,29,100,71
29,0,4,12,100,0,100,48
27,19,16,0,100,0,74,75
31,26,18,0,89,17,66,100
29,0,0,5,36,0,83,61
10,20,0,0,100,20,100,67
29,0,29,1,100,0,100,53
58,0,3,34,100,4,100,42
27,4,0,0,100,15,100,68
26,0,46,0,74,0,100,38
39,0,16,13,95,0,100,46
21,24,11,0,100,0,77,77
45,0,0,21,100,11,100,62
39,0,4,11,100,0,100,55
32,0,0,19,41,11,100,38
42,0,5,17,100,0,100,61
53,0,0,26,70,10,100,35
24,7,26,0,100,0,100,46
26,0,41,0,64,0,100,53
51,0,7,24,65,0,100,35
23,1,16,0,100,0,100,53
21,10,9,0,100,13,100,62
0,25,30,2,100,16,100,63
23,13,20,0,94,0,88,77
27,0,5,7,69,0,100,45
23,6,0,0,100,7,100,63
43,0,23,16,100,0,100,47
34,6,16,0,100,4,97,60
47,0,0,24,100,2,100,52
37,0,0,12,100,28,100,74
34,0,5,9,100,0,100,62
17,10,0,0,100,29,100,76
37,0,20,3,100,0,91,58
40,0,0,19,27,14,70,59
37,0,20,10,81,0,100,59
46,0,0,15,100,3,94,76
37,0,0,9,81,3,100,79
31,0,0,13,87,0,100,36
29,0,2,8,100,0,100,48
30,0,2,5,100,0,100,70
15,14,21,0,100,0,100,45
24,0,0,8,100,13,100,60
37,0,18,13,90,0,100,44
15,17,0,0,100,30,100,87
34,0,0,10,100,7,100,48
13,19,42,0,81,4,100,50
34,0,8,14,72,0,100,37
38,0,0,17,40,2,100,25
28,0,45,4,77,0,100,41
41,0,16,8,100,0,100,52
28,0,3,7,100,0,100,46
36,0,0,21,99,15,100,54
24,6,34,0,100,0,100,52
42,0,0,18,100,0,100,56
23,0,0,12,90,11,100,51
29,0,0,7,100,13,100,56
24,8,13,0,60,0,98,50
25,0,1,0,100,7,100,62
37,0,0,10,100,10,100,63
47,0,18,17,100,0,98,53
25,2,26,0,86,0,100,59
31,0,0,6,100,0,100,63
43,0,0,19,100,11,100,61
45,0,0,25,99,6,100,64
39,0,7,15,67,0,100,28
47,0,0,23,100,2,100,52
39,0,7,9,100,0,100,58
38,0,21,6,100,0,100,60
43,0,11,17,59,0,100,34
37,0,0,8,100,5,100,48
35,0,11,8,100,0,96,66
25,5,7,0,100,1,100,58
31,0,18,4,93,0,100,47
36,0,20,6,100,0,100,48
29,9,15,0,100,0,88,57
17,6,0,0,100,26,100,77
51,0,6,37,98,20,100,34
20,14,27,0,100,5,100,57
18,20,0,1,100,45,90,97
24,0,0,17,100,6,100,59
20,17,5,0,100,9,100,63
22,18,15,0,100,9,87,86
28,0,29,6,67,0,100,24
35,0,0,15,100,9,100,55
38,0,22,7,100,0,100,60
45,0,0,18,100,6,100,48
2,23,0,0,100,32,100,68
36,0,0,15,100,6,100,58
24,11,1,0,100,10,100,67
43,0,0,23,100,2,100,41
35,0,0,16,35,7,96,42
16,4,62,0,57,0,100,30
28,7,34,0,100,0,100,58
30,0,13,8,90,0,100,52
25,2,7,0,100,9,100,65
37,0,2,13,80,0,100,37
48,0,10,15,100,0,100,55
23,5,7,0,100,0,100,52
33,0,22,5,90,0,100,55
27,31,14,0,96,15,64,100
31,0,0,4,100,10,99,68
34,0,0,19,65,24,97,70
24,11,33,0,100,0,100,55
44,0,0,25,84,2,100,52
49,0,8,22,80,0,100,42
26,0,3,9,100,0,100,59
33,0,9,4,100,0,100,60
30,13,22,0,100,0,81,67
33,0,19,8,86,0,100,47
30,4,0,0,100,12,96,80
26,0,7,5,100,0,100,55
28,5,6,0,100,2,100,55
12,22,36,0,100,14,100,62
50,0,21,15,100,0,100,54
44,0,13,16,100,0,100,62
37,0,17,15,78,0,100,29
16,21,39,0,100,11,100,71
34,0,2,17,74,0,100,49
38,0,0,18,60,4,100,36
42,0,3,22,76,0,99,51
23,16,20,0,100,2,99,62
31,1,26,0,100,0,100,56
14,3,0,8,100,40,100,78
20,16,0,0,100,52,88,100
43,0,7,17,100,0,100,52
26,0,9,2,100,7,100,68
22,17,11,0,100,0,98,56
41,0,0,17,90,12,100,46
36,0,16,16,66,0,100,31
16,17,35,0,100,11,100,66
27,0,0,8,100,15,100,65
25,19,0,0,84,46,88,100
19,13,3,0,100,0,100,50
32,1,0,0,100,6,100,78
37,0,27,8,100,0,100,45
36,0,6,9,100,0,100,56
28,1,7,0,100,0,100,45
34,0,19,5,100,0,79,59
36,0,0,11,100,3,100,57
25,14,2,0,100,6,100,55
48,0,13,22,100,0,89,55
40,0,10,10,100,0,100,52
18,0,0,5,100,16,100,59
18,1,23,0,100,0,100,54
21,26,24,0,100,4,74,81
24,16,18,0,100,0,86,67
45,0,29,16,100,0,95,49
25,9,1,0,100,13,100,62
39,0,17,8,100,0,100,60
22,13,8,0,100,0,83,62
2,21,35,0,100,10,100,63
45,0,0,24,100,8,100,55
31,0,5,6,100,0,100,50
22,23,22,0,100,8,88,69
33,0,6,8,100,0,100,57
21,7,41,0,100,0,100,65
50,0,0,42,100,37,100,64
48,0,15,20,51,0,100,45
34,0,16,13,57,0,100,23
23,0,0,2,100,9,100,62
53,0,2,25,100,0,100,53
22,1,0,0,100,6,100,57
29,4,0,0,100,5,100,58
46,0,8,20,85,0,100,44
33,0,30,8,89,0,100,46
32,0,2,8,77,0,100,65
43,0,25,14,100,0,100,51
27,0,0,17,90,17,100,46
55,0,6,46,17,14,99,30
44,0,23,15,100,0,100,49
25,7,25,0,100,8,100,63
31,0,0,18,82,17,100,49
46,0,0,31,89,44,100,80
22,0,24,2,100,0,100,55
40,0,0,16,100,2,100,60
17,12,50,0,100,7,100,57
39,0,0,11,74,20,100,49
50,0,8,27,100,0,100,52
42,0,9,19,48,0,100,35
24,6,13,0,100,0,100,52
18,0,6,7,88,0,100,53
40,0,0,18,53,0,100,37
46,0,8,19,94,0,100,47
47,0,0,23,100,26,100,60
34,0,0,22,74,17,100,46
28,7,2,0,100,0,100,57
37,0,41,10,87,0,100,43
18,20,7,0,100,4,100,58
35,0,29,4,100,0,100,66
54,0,7,23,100,0,99,60
57,0,0,29,100,7,100,56
25,15,11,0,100,7,100,68
51,0,10,31,100,0,100,47
31,0,0,20,84,15,100,41
26,5,21,0,71,0,100,50
52,17,57,50,100,0,100,40
32,0,14,22,98,0,100,50
41,0,20,16,100,0,100,44
45,0,0,24,100,8,100,59
37,0,0,14,61,11,100,26
36,0,33,12,43,10,100,10
34,0,0,10,100,1,100,59
36,0,13,14,76,0,100,44
24,12,24,0,100,17,100,77
34,0,11,10,60,0,100,24
31,0,0,11,100,5,100,54
48,0,0,21,88,0,100,39
27,12,30,0,100,6,95,84
34,0,10,6,98,0,100,51
30,0,0,1,100,15,100,71
24,0,47,0,100,0,100,53
32,8,11,0,100,2,98,67
23,13,33,0,100,0,100,56
19,14,17,0,100,0,100,55
31,0,0,9,100,14,100,67
24,13,12,0,100,15,97,82
16,0,0,13,75,30,100,58
29,0,13,12,67,0,100,33
41,0,6,17,100,0,100,60
22,23,18,0,97,13,72,100
26,5,6,0,33,3,76,100
35,0,28,9,100,0,100,51
32,0,14,2,97,0,100,77
15,0,0,4,100,31,100,67
25,17,29,0,100,0,86,62
37,0,0,13,100,23,100,64
29,25,19,0,96,11,63,100
29,0,26,4,93,0,100,41
32,11,12,0,100,6,89,74
22,3,47,0,100,0,100,58
31,0,0,6,63,0,100,26
34,4,15,0,100,0,99,69
15,16,12,0,100,12,100,64
20,1,0,0,100,5,100,61
39,0,15,12,100,0,100,63
32,0,11,3,100,0,100,69
17,20,30,0,100,5,100,62
12,16,65,0,100,11,100,63
28,5,3,0,100,0,100,57
36,0,0,13,95,11,100,51
22,8,14,0,100,0,100,57
27,2,0,0,95,18,93,56
40,0,14,9,100,0,100,54
31,0,27,5,100,0,100,49
28,0,50,5,87,0,100,43
62,0,0,31,96,10,100,77
29,0,38,2,99,0,100,46
36,0,18,11,86,0,100,39
50,0,7,27,100,0,100,44
8,20,48,0,100,11,100,59
21,0,0,8,100,19,100,58
40,0,28,14,80,0,100,35
34,0,12,9,88,0,100,39
18,12,0,8,100,31,90,90
37,0,0,19,100,12,100,63
28,1,26,0,100,0,100,58
46,0,0,21,100,8,99,68
18,9,40,0,95,0,100,52
38,0,11,22,72,0,100,40
43,0,0,35,100,30,100,47
46,0,9,16,100,0,100,47
33,0,22,9,86,0,100,39
23,0,15,6,100,0,100,60
22,0,0,9,100,13,100,59
37,0,0,12,100,9,100,44
0,32,34,12,100,14,100,66
27,1,3,0,100,0,100,53
3,19,46,0,86,0,100,46
34,0,0,13,86,26,100,49
30,0,7,13,86,0,100,38
42,0,22,15,86,0,100,35
22,7,9,0,80,7,100,100
26,14,24,0,100,0,83,65
24,23,11,0,100,5,77,98
20,17,13,0,100,10,100,64
29,0,0,3,100,17,100,69
24,5,0,0,100,15,100,77
19,14,22,0,100,18,100,71
54,0,19,26,98,0,100,43
31,0,0,20,50,12,100,35
37,0,0,10,100,0,100,59
