50,31,75,87
46,37,84,89
84,0,44,100
69,24,58,100
71,24,52,100
100,0,15,92
85,0,49,100
60,20,77,98
81,16,42,100
71,0,72,100
81,10,43,100
64,25,54,91
100,0,28,97
91,5,48,97
78,0,44,100
79,16,38,95
90,0,33,100
70,17,61,100
30,41,100,71
99,0,22,100
34,39,86,77
51,23,82,85
98,0,40,100
41,24,100,82
33,30,91,72
74,0,49,100
55,20,94,93
89,18,34,100
76,30,58,100
71,8,56,100
83,15,47,100
90,1,33,100
100,0,22,74
79,8,46,94
37,27,91,70
100,0,34,80
84,0,37,100
100,0,29,93
100,0,44,99
83,11,37,100
73,20,53,100
37,59,88,83
63,9,75,97
40,44,100,88
61,5,84,100
100,0,18,78
33,66,89,80
77,13,49,100
72,13,63,100
96,8,12,79
67,11,70,100
51,22,79,87
93,0,47,100
70,20,62,100
37,32,91,76
56,27,69,89
56,42,96,100
87,8,42,100
100,0,37,97
47,38,88,94
96,6,48,100
42,38,82,86
100,0,7,87
90,0,24,100
79,0,34,100
25,35,100,63
89,0,34,100
65,20,60,94
58,17,83,92
90,0,42,100
44,28,85,83
58,45,61,100
65,19,71,100
11,70,100,46
61,20,72,100
73,6,63,100
69,17,66,100
56,23,75,91
22,39,100,63
83,6,44,100
100,0,23,95
55,41,82,100
56,32,85,95
94,0,35,100
63,24,77,100
100,0,21,70
75,8,51,100
100,0,25,100
69,13,62,100
85,0,37,100
97,0,28,100
76,7,53,100
66,17,71,100
100,0,15,84
50,34,82,92
43,36,77,82
86,8,28,100
66,27,54,92
49,24,92,84
70,7,58,100
75,34,56,99
46,28,73,82
75,12,50,100
71,16,61,100
93,0,15,100
100,0,32,90
60,24,76,100
35,34,82,74
100,2,20,83
76,4,50,100
68,5,73,100
55,24,61,83
63,29,59,96
62,30,89,100
88,14,34,100
82,0,24,100
69,17,66,100
66,19,66,99
78,2,43,100
100,0,9,88
90,0,41,100
82,0,47,100
80,12,38,100
24,55,100,64
100,4,30,90
81,10,51,100
96,0,43,100
38,40,85,79
76,6,51,100
63,15,81,100
55,41,78,95
52,20,86,91
56,31,71,90
53,24,93,90
71,14,60,100
36,31,94,76
98,0,29,100
64,25,76,100
75,25,54,100
82,0,58,100
100,0,21,82
81,26,42,100
90,0,32,100
88,0,40,100
62,23,53,92
95,0,45,100
33,39,93,71
67,21,66,100
81,13,41,94
100,0,14,99
26,39,100,64
78,3,39,100
100,0,12,97
51,34,100,86
76,6,52,100
57,29,86,100
53,29,62,86
79,4,53,100
87,4,50,100
97,0,26,100
78,11,45,100
100,0,25,87
51,42,74,96
53,28,76,91
93,0,32,100
64,20,71,100
65,26,83,100
51,27,83,89
51,32,74,90
100,0,14,83
45,33,74,82
65,13,75,100
79,21,28,100
94,0,37,100
89,0,25,100
37,60,93,90
65,27,60,97
64,36,78,100
44,27,88,85
75,12,56,100
100,9,29,94
59,34,91,98
90,6,32,100
65,33,70,87
80,11,45,100
42,27,88,81
80,0,41,100
47,30,70,82
93,0,27,100
75,1,59,100
100,0,8,93
100,0,34,100
95,5,31,100
43,21,87,79
100,0,24,83
100,0,21,100
65,11,60,87
100,0,24,86
72,24,61,99
53,30,92,91
38,39,99,78
87,5,45,98
92,0,23,100
78,0,49,100
61,37,88,100
84,0,49,100
65,22,64,99
84,6,53,100
50,33,70,80
76,0,63,100
81,0,61,100
79,0,49,100
100,0,37,90
72,19,59,98
58,35,79,100
73,1,65,100
39,29,85,79
87,0,28,100
76,2,55,100
70,23,62,100
46,30,90,86
88,0,37,100
67,24,69,100
44,33,76,82
82,4,33,100
53,35,77,92
60,26,73,93
64,28,74,100
45,33,88,82
82,9,39,91
70,16,51,93
42,23,80,80
92,0,31,100
64,11,74,99
99,0,34,100
100,0,28,80
67,23,60,100
75,4,49,100
21,65,100,61
51,48,80,100
36,55,91,82
68,13,71,100
74,22,51,100
85,0,32,100
100,13,16,77
38,42,87,82
69,23,64,100
75,5,47,100
73,21,53,100
74,12,61,100
66,26,64,100
26,52,100,65
16,67,100,56
100,0,31,90
34,36,100,74
53,26,68,87
81,15,52,100
89,0,44,100
94,0,29,100
46,34,70,81
69,22,59,100
33,50,96,79
97,0,32,100
70,15,57,92
71,16,56,99
62,7,80,99
70,24,55,100
100,0,25,93
100,0,7,75
97,0,41,100
100,0,15,75
70,0,70,100
77,23,35,97
96,0,23,100
54,30,79,92
64,26,78,100
91,1,28,100
77,36,46,100
70,15,64,100
100,0,25,90
56,27,83,94
24,59,100,71
43,33,87,85
73,11,56,100
58,36,70,98
33,34,85,76
95,0,36,100
67,25,63,100
100,0,20,99
99,0,58,100
63,13,73,93
100,0,3,65
80,2,63,100
97,0,25,100
82,0,45,100
45,28,100,79
59,20,60,86
72,30,67,100
56,26,61,88
70,21,60,100
72,5,65,100
100,0,18,68
56,32,71,92
90,0,35,100
68,17,64,100
78,2,60,100
73,7,48,100
49,25,81,85
59,22,65,89
50,30,86,92
36,27,88,71
13,59,100,48
70,15,60,100
69,7,71,100
57,28,74,94
90,0,37,100
89,8,27,100
60,29,68,94
61,17,66,90
69,24,62,100
76,6,58,100
70,9,66,100
56,42,70,100
73,16,58,100
44,28,89,90
30,63,89,78
100,0,11,81
60,19,72,93
37,49,83,80
83,1,55,100
84,0,47,100
83,1,31,100
96,0,22,100
67,4,78,100
80,0,48,100
85,20,30,100
100,3,37,76
24,44,100,60
85,0,45,100
90,0,41,100
100,0,14,87
24,38,100,60
91,1,35,100
65,37,60,100
95,0,37,100
100,0,15,80
14,79,94,58
41,26,91,77
71,6,59,95
72,29,55,100
47,42,84,88
31,34,100,72
66,17,63,90
83,0,57,100
29,33,97,70
95,0,42,100
75,4,61,100
63,19,77,100
54,26,72,86
42,33,81,79
69,20,62,98
66,18,64,100
100,0,15,92
67,7,67,100
38,31,86,72
40,17,89,73
26,52,98,67
54,35,100,91
85,10,48,99
62,24,69,100
28,49,100,74
100,0,25,94
100,0,31,99
71,24,61,100
47,41,100,90
98,3,23,100
25,62,94,66
66,21,57,89
100,0,25,95
93,21,29,99
99,2,38,100
88,0,20,100
93,0,18,100
83,10,39,100
79,1,45,100
32,49,94,73
81,11,44,100
71,23,55,99
59,27,66,90
58,37,79,100
70,11,63,100
62,19,71,100
77,10,64,100
58,36,79,97
81,13,36,98
100,0,32,88
85,0,53,100
84,2,54,100
100,0,18,84
95,0,32,100
31,36,100,67
64,17,69,92
62,37,67,97
78,14,49,100
97,1,39,100
58,18,77,94
20,41,96,61
68,13,64,100
39,34,100,73
85,0,58,100
85,10,48,100
57,20,76,94
36,57,94,87
71,10,62,100
67,21,64,100
94,0,32,100
95,0,22,100
85,7,27,86
61,37,79,100
76,13,41,100
100,0,16,78
100,0,3,73
73,15,62,100
52,15,76,89
85,7,37,100
81,14,53,100
58,27,83,95
89,0,37,100
80,14,48,91
88,14,35,97
29,35,86,66
80,0,54,100
55,34,77,89
83,0,43,100
65,20,65,95
100,0,23,91
45,41,89,87
38,46,85,82
93,0,45,100
50,23,77,86
56,31,80,93
85,6,32,100
89,0,36,100
100,0,17,88
69,20,63,100
39,26,81,77
80,0,62,100
28,40,91,71
62,34,75,98
45,36,84,86
92,0,37,100
73,17,61,100
40,39,97,81
23,44,100,58
95,0,32,98
56,29,79,97
42,32,90,79
76,20,55,100
69,25,60,100
89,0,58,100
74,23,49,100
66,20,64,100
55,21,80,93
79,14,35,100
72,14,57,100
53,20,95,93
70,28,55,100
66,11,81,100
100,0,9,77
68,24,44,97
59,30,76,96
96,0,31,100
92,0,37,100
88,14,29,100
15,67,100,53
95,0,33,100
47,39,83,90
58,42,67,100
100,0,20,71
65,23,76,100
78,14,45,90
59,20,77,89
50,43,87,95
45,28,76,77
58,12,77,100
59,10,75,97
43,30,76,79
100,0,12,85
72,16,56,99
43,40,100,82
52,32,79,86
35,49,82,81
99,0,45,100
70,13,66,100
38,57,92,88
73,15,55,100
94,9,32,95
44,30,92,84
83,0,47,100
55,26,93,92
53,24,62,80
70,21,61,100
84,0,27,100
68,22,51,97
48,39,96,88
99,0,30,100
80,15,41,100
67,25,68,100
87,0,55,100
93,0,49,100
100,0,15,67
67,14,68,100
100,0,17,74
100,0,29,95
100,0,45,97
100,0,30,97
74,0,67,100
90,13,25,98
60,29,74,96
60,32,86,98
64,37,74,100
100,0,28,91
100,0,35,94
98,0,32,100
84,4,37,100
100,0,22,80
70,17,67,100
49,39,75,87
71,23,66,100
71,16,65,98
78,0,55,100
80,8,45,100
81,9,61,100
56,21,72,91
76,10,52,100
72,12,53,100
100,0,25,95
92,0,49,100
44,33,75,82
76,29,49,100
51,30,100,87
73,12,56,100
75,17,43,94
60,34,83,97
63,26,73,100
84,9,45,100
91,0,28,100
100,0,40,99
79,0,50,100
58,28,79,96
100,0,31,85
99,0,26,100
100,0,27,100
89,5,41,100
63,34,82,100
94,2,41,100
91,0,29,100
60,36,78,97
62,20,70,96
67,0,75,100
59,16,74,91
44,33,91,81
37,40,79,78
67,12,74,100
69,27,61,100
38,35,85,77
46,25,98,83
100,0,0,78
90,9,40,100
80,10,55,100
95,0,19,100
79,10,50,100
99,0,36,100
72,21,59,100
81,0,53,100
100,0,31,85
57,14,77,92
72,16,57,100
37,35,84,71
95,0,39,100
93,0,32,100
61,31,78,97
42,32,81,80
53,28,84,88
76,10,56,100
65,13,57,86
76,15,55,100
72,17,41,100
82,22,41,99
59,18,93,100
93,0,35,100
76,0,44,100
76,11,47,100
100,0,20,74
76,12,45,100
93,4,30,95
66,27,67,100
100,0,23,98
55,26,88,97
86,0,34,100
67,12,73,100
80,16,29,100
87,0,36,100
27,44,100,66
81,0,38,100
60,29,68,90
60,41,61,96
60,32,69,96
95,0,11,100
90,11,31,100
22,62,99,63
100,0,43,96
100,0,20,97
61,35,79,100
66,37,60,100
53,26,63,87
66,7,67,98
47,34,77,85
31,44,85,69
41,35,98,77
80,7,40,100
100,0,24,95
46,30,76,81
28,44,85,73
86,0,35,100
39,33,75,78
100,3,34,99
48,25,66,75
67,20,48,85
100,0,16,92
40,42,88,84
86,2,40,100
56,27,73,89
63,23,56,94
62,13,84,99
72,4,62,100
68,15,63,100
73,15,64,100
91,4,35,100
100,0,37,86
45,49,82,91
70,8,52,100
53,21,74,85
70,18,61,100
80,0,51,100
100,0,18,88
80,2,45,100
87,1,39,100
74,7,67,100
98,0,20,100
64,20,63,95
72,19,52,100
74,8,51,100
57,28,58,84
51,25,87,89
69,23,54,100
75,10,56,100
41,37,94,80
100,0,20,79
98,0,19,100
94,0,21,100
46,36,80,85
74,2,62,100
99,0,30,100
100,0,26,100
86,0,55,100
66,20,59,98
46,42,84,89
76,20,60,100
38,47,91,82
100,0,22,93
100,0,10,73
100,0,0,91
67,25,56,99
93,0,37,100
56,42,75,100
76,12,56,100
100,0,45,95
66,18,58,95
96,0,49,100
90,10,37,100
67,17,70,100
76,0,58,100
30,49,100,78
27,50,100,65
36,35,95,78
89,0,59,100
60,16,71,95
27,41,98,60
72,11,66,100
100,0,30,98
48,16,78,86
21,72,100,63
100,0,40,88
27,53,100,70
25,53,100,63
84,18,54,100
69,22,47,89
31,55,100,73
92,5,32,95
98,0,40,100
71,24,55,100
12,67,100,52
62,39,78,99
85,1,50,100
34,34,100,73
53,20,92,93
43,38,84,88
88,0,40,100
57,21,74,93
47,33,85,83
29,49,100,65
85,3,42,90
60,17,80,98
97,0,33,100
81,0,57,100
70,4,68,100
14,64,100,52
82,0,56,100
97,0,43,100
56,42,62,92
80,13,50,87
6,83,100,47
26,51,100,68
68,24,55,98
86,0,58,100
89,0,54,100
34,41,100,75
77,2,54,100
77,10,51,99
66,19,60,97
53,26,79,93
100,0,15,88
23,58,100,59
59,28,87,99
51,21,69,85
85,9,35,100
73,8,54,100
84,7,36,100
21,54,100,60
67,16,52,75
89,0,41,100
94,0,47,100
63,22,69,100
68,16,65,100
72,13,51,100
100,0,30,83
59,32,75,98
56,39,83,100
80,0,67,100
77,14,47,100
79,13,45,100
48,38,73,85
27,46,94,63
47,30,88,86
67,17,70,100
43,35,83,81
58,21,76,94
73,15,55,100
79,8,59,100
50,25,84,92
100,0,30,90
100,0,27,88
100,0,26,97
15,72,100,56
100,2,28,84
55,22,83,95
19,72,100,56
76,10,43,100
100,0,29,99
67,3,74,100
79,1,48,100
15,56,100,60
46,35,100,86
100,0,26,100
83,0,55,100
73,5,52,100
92,0,37,100
88,0,42,100
29,39,100,64
64,28,65,96
42,36,100,83
93,2,42,100
20,56,100,57
80,0,61,100
20,65,100,60
64,19,87,100
54,21,88,96
83,0,43,100
53,32,84,96
52,29,98,87
18,64,100,59
54,35,70,92
73,17,46,97
92,0,54,100
84,12,49,100
42,40,100,86
66,26,72,95
100,0,33,96
94,10,33,97
87,0,39,100
79,9,55,99
49,34,77,92
84,4,50,100
79,0,53,100
100,0,24,86
46,30,94,86
100,1,23,84
98,0,32,100
93,0,48,100
38,37,83,78
80,6,39,100
61,27,82,99
100,0,28,89
81,16,51,100
79,0,56,100
100,0,33,98
100,0,18,82
59,37,71,100
78,5,43,100
86,9,37,100
57,28,76,92
55,43,78,100
71,24,62,100
55,42,69,98
99,0,21,100
100,0,16,74
51,27,71,85
93,0,54,100
70,20,67,100
69,17,63,100
42,40,98,85
83,0,59,100
100,9,38,95
59,40,65,100
100,0,18,65
79,5,56,100
84,0,45,100
62,29,85,99
83,0,61,100
54,20,77,93
71,14,64,100
57,35,72,92
92,0,30,100
23,52,100,60
18,62,100,53
15,68,100,54
60,23,88,100
77,15,59,100
77,13,48,90
100,0,24,94
65,35,63,100
83,0,39,100
77,7,50,100
44,34,97,85
53,38,60,87
15,73,100,56
52,17,74,90
82,11,51,100
92,0,54,100
49,44,100,95
65,33,60,100
100,0,17,92
58,21,83,97
53,41,85,97
88,0,48,100
72,17,58,100
83,0,58,100
96,0,51,100
43,31,98,80
76,7,52,100
65,30,64,100
76,9,45,100
58,30,76,99
60,29,69,94
23,59,100,61
30,41,100,67
84,0,57,100
96,4,34,100
100,0,24,88
97,0,44,100
25,53,100,62
68,17,60,100
66,32,60,100
3,86,100,36
51,34,73,86
85,0,53,100
90,11,28,100
81,14,33,100
71,17,64,100
100,0,27,95
60,41,64,100
90,0,59,100
94,0,40,92
59,16,71,94
14,75,100,55
30,48,95,66
62,37,69,99
79,2,59,100
92,0,49,100
81,8,44,100
95,0,52,100
68,23,74,100
78,9,55,100
69,15,62,98
100,0,14,91
90,6,43,99
60,21,75,96
64,27,65,100
68,19,62,100
68,19,66,100
48,31,86,86
55,31,85,95
31,37,100,75
73,5,53,99
46,36,85,88
63,30,60,93
45,28,89,88
69,6,64,100
70,20,61,100
4,78,100,45
60,21,88,100
89,0,36,100
66,18,78,100
71,5,67,100
79,0,60,100
94,8,39,100
65,32,74,99
93,10,38,96
69,26,61,98
99,0,40,100
74,5,60,100
88,0,37,100
73,18,69,100
45,24,83,89
39,35,93,77
75,11,56,97
25,54,100,64
69,18,54,95
40,32,92,81
92,0,19,85
70,14,63,100
79,8,48,100
93,7,34,100
69,24,59,100
54,30,84,91
99,0,36,100
56,26,83,93
100,0,29,76
82,0,44,100
15,69,100,51
78,7,49,100
70,9,60,100
40,34,89,77
65,10,79,100
44,27,100,84
12,68,100,48
91,0,42,100
56,16,80,93
44,44,91,91
62,29,75,97
78,11,50,100
90,0,54,100
100,0,25,79
66,20,49,86
58,2,79,93
54,31,79,91
93,0,37,100
52,32,96,89
65,19,65,95
23,63,100,62
55,40,74,96
44,39,90,92
92,0,43,100
42,31,89,85
62,30,74,100
89,5,43,100
88,0,40,100
53,30,80,89
63,25,88,100
61,28,74,98
66,20,67,98
70,17,74,100
90,0,16,100
44,34,92,85
92,0,30,100
92,0,34,100
95,0,52,100
54,23,73,91
76,21,48,100
74,11,48,100
76,7,59,100
87,1,29,100
51,39,93,93
66,23,62,97
0,75,69,2
11,65,58,0
18,100,46,0
5,80,50,2
4,78,50,6
17,77,50,8
11,53,65,1
2,100,37,1
3,62,50,4
8,71,50,6
5,72,61,1
5,69,67,10
5,73,41,1
12,100,58,0
14,87,43,0
20,57,61,1
24,72,53,16
0,99,57,0
0,82,49,5
3,94,49,7
19,85,57,0
0,79,50,1
20,85,64,13
32,100,36,8
20,91,50,6
17,50,66,4
21,85,62,11
5,97,51,2
5,78,56,0
0,66,66,5
6,81,18,0
33,72,59,18
8,69,51,6
11,69,57,10
7,66,53,6
2,80,57,1
18,65,52,0
4,60,56,2
31,68,55,24
5,84,50,3
17,58,59,10
6,82,52,2
39,100,51,18
4,71,51,0
11,66,49,10
0,99,50,4
0,85,49,1
8,91,56,5
9,94,30,0
23,92,32,2
10,73,52,9
7,70,49,15
11,75,50,8
21,88,53,19
2,77,48,0
8,96,49,2
2,86,49,0
0,67,60,1
26,71,71,0
27,67,61,10
5,68,97,0
12,93,54,1
15,70,49,9
7,77,50,0
0,81,44,15
13,83,63,7
0,82,45,19
0,100,45,3
19,73,64,20
29,57,57,21
1,76,48,0
26,85,56,17
8,100,43,0
0,74,49,6
3,74,50,3
1,66,60,1
5,93,52,0
4,72,64,2
1,76,47,0
15,75,51,14
2,87,51,4
2,84,58,3
10,66,82,0
16,81,75,10
0,95,49,5
7,62,64,1
0,77,50,3
3,78,40,0
13,78,55,23
0,86,56,18
0,91,54,3
9,65,62,5
3,69,47,0
15,77,50,5
3,73,50,0
0,83,50,9
19,71,56,17
13,65,50,3
18,94,28,1
15,74,61,9
17,67,51,14
2,99,57,0
9,70,52,5
8,75,49,0
22,67,62,7
0,86,69,2
4,71,58,1
20,94,23,2
11,87,62,4
9,68,50,5
11,75,51,5
0,73,53,3
4,70,57,2
22,77,54,20
0,93,42,10
12,69,46,14
31,75,52,17
15,57,65,0
20,53,62,11
12,80,63,8
4,98,57,4
19,71,61,16
17,90,44,0
8,85,50,7
8,63,62,1
10,87,50,10
12,89,50,8
1,76,49,3
0,84,51,9
4,82,55,3
0,61,54,2
32,100,49,7
27,75,58,14
0,80,52,1
16,97,66,0
19,73,58,0
6,81,62,5
7,80,50,2
28,99,29,6
32,73,69,23
3,84,56,0
2,64,67,3
29,63,54,19
21,98,29,2
0,71,48,12
18,62,57,20
19,95,37,2
0,79,53,2
24,99,46,4
0,100,50,3
5,86,50,4
4,77,43,13
1,77,50,2
12,100,31,0
14,77,53,0
11,96,51,19
0,87,55,5
21,100,19,0
1,97,49,5
0,87,60,1
8,77,56,4
19,64,52,18
10,70,48,17
0,71,50,3
0,88,43,4
1,76,50,0
10,95,38,0
0,100,55,6
0,83,47,10
9,74,35,1
8,80,30,0
0,66,50,7
0,83,56,9
0,88,66,7
9,83,54,6
2,57,52,4
0,89,44,19
10,100,51,0
30,57,59,12
0,99,57,5
8,88,50,14
5,95,48,0
24,60,58,14
22,68,56,22
4,87,50,0
6,77,60,0
0,75,50,11
8,78,50,7
19,71,72,0
0,68,69,8
8,68,59,0
4,89,58,0
2,71,47,0
20,79,37,7
2,79,50,0
19,94,18,0
23,88,55,12
8,71,58,8
7,68,65,0
0,93,62,8
1,67,72,0
0,73,65,4
17,77,51,9
0,72,51,1
4,80,58,1
0,78,52,0
6,91,51,6
0,73,50,0
0,85,51,0
13,56,60,8
15,91,49,6
0,78,54,1
9,62,63,5
7,85,66,2
15,100,66,0
3,93,26,0
18,71,54,18
23,55,58,18
1,88,56,0
9,76,50,0
24,77,62,9
16,100,58,2
0,97,50,3
12,71,54,16
1,87,50,0
8,77,50,6
10,69,49,15
1,69,62,1
3,76,50,1
14,87,48,5
15,100,35,0
18,94,52,8
3,87,60,0
20,97,40,0
6,73,59,4
5,58,67,0
0,76,49,3
0,79,50,4
6,79,50,3
20,86,45,6
0,91,42,6
4,81,47,0
12,80,41,0
6,72,50,9
10,95,39,0
0,96,50,6
13,83,51,8
8,81,49,0
22,100,61,4
19,100,23,12
18,100,28,0
0,88,56,5
28,91,0,6
15,78,50,10
0,82,50,2
2,79,50,0
11,85,35,0
0,83,40,7
3,74,55,1
12,100,41,4
2,75,50,4
5,77,60,3
3,76,50,1
0,77,66,1
5,78,39,0
21,96,18,3
14,95,31,1
1,63,50,0
0,70,50,5
14,77,52,24
2,63,68,0
18,70,64,19
0,100,57,1
22,72,63,13
0,100,59,1
4,85,49,3
0,88,43,6
4,68,51,10
14,81,49,14
0,82,59,7
0,90,61,2
26,84,58,0
10,77,51,3
22,79,50,16
0,100,50,7
8,79,50,9
9,66,60,0
3,70,58,1
2,89,50,0
13,77,53,7
19,57,62,14
0,77,43,11
0,100,30,9
23,91,51,6
1,72,65,0
2,72,62,0
6,88,65,4
0,73,36,6
8,70,50,9
8,98,59,0
13,78,0,0
28,75,47,23
0,99,50,8
8,87,48,1
0,69,60,6
13,71,52,13
6,98,47,13
32,67,65,11
4,81,51,0
5,80,67,0
2,71,50,2
6,83,53,0
12,79,51,16
20,99,77,7
21,77,58,13
23,88,39,5
3,75,49,0
23,91,0,2
2,85,68,0
15,62,48,35
5,84,48,1
0,60,68,1
25,62,75,0
16,88,56,11
16,65,50,17
3,87,65,1
15,63,51,19
23,84,59,16
6,90,50,10
14,100,32,15
11,77,51,7
8,67,64,3
9,79,39,0
3,93,37,0
8,81,55,2
9,86,61,4
18,68,49,23
16,67,57,10
20,65,56,18
24,55,54,24
26,97,27,2
16,83,57,11
4,87,50,8
10,99,29,3
0,69,50,5
31,67,60,19
29,75,55,21
0,77,51,5
3,74,50,5
18,91,5,0
13,78,56,7
10,91,58,0
14,79,51,16
20,87,42,3
20,83,64,17
5,84,66,0
3,68,68,0
4,69,53,2
26,100,47,4
4,80,49,0
11,71,50,13
0,72,49,5
29,49,54,27
6,78,50,5
16,82,60,8
16,73,78,0
6,65,51,6
30,96,35,7
26,74,56,7
6,83,50,14
13,96,43,0
0,80,65,3
9,79,51,11
7,63,70,3
16,50,63,2
6,70,50,5
9,90,52,0
8,92,52,0
0,100,36,11
6,97,58,0
10,72,58,5
16,70,53,15
17,87,51,12
1,86,58,0
3,75,49,13
8,77,50,4
9,73,60,4
14,100,66,2
0,100,46,9
12,68,83,0
26,60,52,21
9,66,69,4
7,79,55,3
15,93,50,9
2,78,51,7
3,70,50,0
22,88,66,0
1,80,62,0
11,82,37,1
8,70,88,0
1,81,50,1
13,82,33,0
4,74,42,13
20,68,51,17
8,67,50,23
17,62,73,0
10,87,61,4
8,67,49,10
11,93,46,0
3,86,58,6
7,87,47,0
20,78,49,6
11,89,51,0
35,81,67,17
15,67,51,14
18,100,15,9
0,90,72,6
30,67,57,19
30,63,56,25
13,67,56,9
12,75,46,7
0,100,58,3
14,82,39,0
0,74,50,2
8,90,50,5
9,85,60,4
10,98,46,2
0,70,56,2
18,74,65,0
2,85,48,1
3,93,56,0
7,82,50,5
2,81,50,5
3,91,57,1
10,75,50,20
15,97,58,6
19,51,63,9
5,58,67,4
6,83,57,1
3,68,50,5
9,72,69,1
6,91,51,2
0,70,78,1
3,60,50,0
10,80,65,5
1,75,50,0
0,91,53,0
17,58,53,19
9,78,63,5
3,64,68,6
0,71,50,8
0,67,59,1
6,76,42,19
1,83,48,0
15,77,57,14
10,62,88,0
21,77,48,15
17,84,7,0
16,47,66,0
29,83,11,11
10,71,50,8
0,100,47,10
12,88,52,19
14,67,51,19
13,98,58,0
7,80,37,0
14,78,78,5
0,82,50,4
0,83,43,17
0,92,61,10
2,60,50,4
17,88,48,0
2,98,56,9
5,73,43,0
23,56,58,8
5,70,57,0
9,74,49,1
5,67,67,2
0,75,57,3
9,80,54,13
17,89,40,0
14,100,60,1
19,64,87,0
9,68,51,8
0,100,43,11
0,63,62,3
9,72,50,5
0,98,50,10
0,70,48,0
4,79,50,4
0,84,54,2
10,82,50,7
6,70,47,24
1,95,54,1
0,66,53,2
17,90,26,1
16,88,28,0
11,71,80,0
0,70,46,4
9,78,52,20
3,98,47,0
2,81,50,3
11,100,66,0
6,92,39,12
0,72,55,2
11,69,51,15
6,76,49,1
6,87,64,1
0,72,54,3
18,89,49,0
4,76,50,0
16,88,79,8
19,58,57,5
6,86,50,10
0,70,62,2
0,70,49,0
22,71,54,12
8,75,50,9
0,74,49,2
19,82,59,21
1,71,50,6
0,76,52,1
15,67,66,0
21,73,50,12
17,100,58,0
3,62,52,5
21,70,48,20
16,59,50,24
14,73,52,0
0,93,47,19
7,91,47,0
30,100,0,7
13,75,51,11
15,76,50,8
15,43,66,0
4,81,50,5
5,78,42,0
0,92,49,10
9,100,40,11
8,67,65,7
0,75,64,2
30,81,54,21
1,66,63,0
0,100,57,4
25,81,59,0
19,86,53,18
3,83,48,10
22,81,52,20
3,83,72,0
10,65,64,5
23,100,33,1
5,81,45,0
0,74,41,5
9,83,49,2
13,97,38,0
0,83,47,13
21,86,58,4
5,87,56,5
0,82,50,6
4,92,67,0
0,80,59,1
0,70,50,5
13,85,53,16
17,68,58,8
18,80,45,17
0,76,50,2
10,75,50,7
0,100,62,6
0,70,50,1
9,65,52,16
16,71,55,0
3,77,50,1
23,82,53,17
7,81,50,0
0,66,67,6
3,79,50,4
27,50,65,4
15,48,65,3
19,65,50,10
0,74,49,2
2,100,50,0
0,76,50,7
12,56,50,14
18,53,60,14
3,86,49,3
2,88,65,0
3,66,63,0
7,87,62,0
18,64,45,31
30,60,60,25
1,70,50,5
0,69,61,1
6,83,50,28
12,87,23,0
3,100,49,3
33,57,63,22
20,72,56,9
2,61,68,0
1,100,57,0
15,74,51,11
4,78,53,2
0,91,66,3
9,92,72,1
15,100,9,0
1,71,61,0
24,58,57,27
13,58,54,13
11,77,50,5
11,94,49,4
12,69,49,9
18,58,52,17
0,96,50,0
0,76,33,8
7,81,48,0
13,76,51,12
1,88,55,0
0,67,53,0
0,66,51,15
13,100,29,10
5,76,50,13
0,76,63,0
13,76,53,17
0,70,51,5
26,75,66,20
12,74,52,9
7,86,60,4
5,73,65,3
8,70,51,11
26,100,0,1
12,81,84,7
6,75,49,1
0,79,60,2
10,97,50,3
0,77,50,7
20,100,59,1
1,80,51,0
7,96,50,5
3,72,50,6
23,94,61,1
0,75,71,0
1,71,50,1
0,76,54,1
0,100,66,4
10,73,50,4
24,79,53,19
1,73,50,3
21,76,0,1
10,74,51,8
0,86,51,0
0,83,50,2
17,71,52,13
10,78,52,1
13,98,51,10
16,80,50,7
24,81,65,12
0,72,50,4
20,100,55,2
3,61,52,4
0,100,48,2
24,81,53,14
17,98,25,0
7,99,61,5
0,97,69,0
7,80,57,0
10,77,51,23
34,66,56,13
1,74,60,0
12,55,52,7
8,99,52,0
2,100,61,0
0,85,49,4
7,67,51,21
17,57,61,13
0,73,49,1
15,64,49,15
22,74,50,14
4,72,50,6
6,78,20,0
0,72,50,1
12,72,54,0
0,89,49,5
7,64,62,3
24,61,51,29
7,80,45,1
9,84,50,9
15,79,59,6
5,60,67,7
4,67,64,0
2,76,50,0
17,100,65,4
9,91,50,9
10,75,79,0
2,73,50,0
10,73,53,0
1,80,48,24
0,69,50,8
23,60,59,13
18,67,52,18
15,89,54,3
15,58,89,0
5,89,50,4
12,99,65,0
11,88,50,6
0,73,52,2
16,74,55,16
6,78,55,3
3,93,50,12
7,72,55,6
5,93,60,0
28,52,54,20
13,74,51,11
17,60,61,8
26,90,62,9
26,100,25,4
8,98,63,1
17,96,9,0
14,100,29,0
25,100,17,0
4,100,52,0
10,74,26,0
1,69,50,10
8,68,56,6
32,79,57,20
6,67,63,4
0,79,55,2
1,96,60,0
20,99,0,0
5,76,49,9
0,78,52,0
15,96,51,0
16,100,41,4
16,63,50,22
0,81,51,3
0,84,66,1
9,78,54,7
17,78,62,19
0,75,56,8
12,83,50,9
20,44,63,5
26,73,54,22
21,55,65,2
0,74,47,5
4,62,50,7
12,79,14,0
13,66,59,0
0,63,50,4
3,77,50,8
12,81,50,12
2,68,53,2
20,68,60,18
0,82,50,4
3,82,58,4
0,74,66,1
18,81,54,10
30,58,63,21
14,68,59,3
4,91,58,0
21,42,65,1
17,69,49,10
11,77,28,0
15,74,51,11
13,81,43,0
27,78,53,15
2,82,47,0
11,100,60,0
18,97,32,1
0,79,49,12
14,93,48,1
6,81,48,1
13,69,57,15
0,87,68,0
32,69,58,21
18,61,61,0
0,100,50,5
5,100,50,0
0,87,69,2
4,74,51,0
4,97,50,0
0,82,50,3
22,91,0,0
27,92,47,6
4,78,60,0
4,82,50,0
15,89,37,1
6,73,53,3
1,65,66,0
0,81,49,5
29,100,65,8
15,84,50,0
4,71,51,0
28,100,66,4
19,64,64,0
11,67,59,2
10,97,48,1
28,88,53,0
30,96,56,9
8,78,63,6
9,76,54,14
14,67,66,0
27,72,64,9
9,75,62,0
0,100,59,0
25,75,50,10
1,86,52,0
3,59,66,1
14,72,58,2
5,67,69,0
3,62,70,7
0,84,50,3
9,99,63,0
13,84,49,4
14,86,51,11
0,81,53,3
14,99,51,0
0,72,50,6
11,91,53,1
0,66,66,1
7,100,48,0
10,98,15,2
6,62,64,7
16,74,68,0
0,77,53,5
4,94,30,5
12,67,54,1
0,86,47,12
20,79,49,9
0,77,65,4
5,92,51,0
2,68,71,0
18,73,54,0
7,69,72,0
7,95,47,0
6,66,49,13
9,100,51,0
19,100,46,0
10,100,12,0
0,85,66,8
1,71,50,6
0,95,67,9
0,65,58,3
7,93,60,6
17,86,58,6
16,69,67,0
0,87,52,1
18,91,55,1
11,65,50,5
9,100,58,0
4,75,66,0
0,79,64,1
1,68,50,3
9,74,62,0
0,82,50,4
22,60,62,4
8,86,50,0
8,74,49,1
23,74,68,0
7,66,61,9
1,66,67,4
1,70,71,2
10,66,61,0
7,71,62,0
1,68,68,0
16,74,51,0
0,100,62,7
0,83,54,2
10,72,59,0
18,83,48,6
18,79,59,1
10,68,52,3
5,77,47,0
13,83,51,23
6,71,49,0
0,88,70,1
1,81,56,0
1,74,55,6
22,67,66,8
23,92,46,0
0,79,76,5
3,70,52,5
6,75,52,7
1,91,63,0
0,68,62,7
10,100,45,0
19,100,55,0
25,73,62,0
9,67,63,0
11,68,68,0
24,100,45,1
0,85,64,2
1,70,64,0
7,69,50,7
11,100,48,7
0,90,69,4
5,78,51,8
18,69,49,7
0,71,50,2
9,60,59,4
4,87,61,0
11,100,64,0
8,72,53,7
0,76,53,2
5,75,47,13
0,80,63,0
0,71,58,2
4,73,58,0
1,72,52,0
11,74,50,8
0,90,51,0
7,88,61,8
9,81,51,2
0,99,56,13
2,97,57,0
9,67,55,2
1,90,50,0
2,71,69,0
19,100,52,0
12,80,65,0
7,71,50,6
0,76,49,3
18,100,12,0
0,94,70,4
2,77,50,7
21,76,50,5
8,100,65,0
0,82,63,3
15,74,59,24
1,90,58,0
2,100,21,13
4,81,48,5
24,100,61,3
5,74,67,0
7,67,49,8
13,77,55,0
0,75,64,2
4,74,68,0
16,71,65,0
20,100,49,3
2,73,51,1
12,73,59,0
0,91,50,3
0,86,50,0
8,68,67,0
16,71,52,15
0,100,63,5
0,80,49,12
1,82,59,1
3,64,61,0
7,73,62,0
0,77,51,8
18,77,51,4
0,66,66,0
19,81,59,0
0,79,62,0
17,71,52,7
0,98,46,19
7,96,43,17
12,100,43,0
2,80,50,0
6,76,53,2
3,80,51,4
0,79,53,4
11,49,68,4
1,81,39,11
14,75,54,6
3,74,53,0
9,100,32,0
16,66,69,0
12,88,47,0
20,69,54,27
23,88,11,5
0,65,66,2
9,79,58,0
4,100,47,0
0,100,69,4
12,71,66,0
2,95,69,0
8,64,63,14
15,90,49,16
12,70,59,8
11,63,66,0
12,83,48,2
0,91,45,22
3,82,62,1
0,100,60,5
25,71,61,13
24,97,50,0
10,90,48,0
0,77,54,0
0,100,35,17
3,100,56,0
0,70,66,2
0,64,75,1
3,69,65,0
7,70,50,7
10,72,58,0
0,74,50,7
1,77,50,5
22,86,49,3
22,88,58,0
0,97,42,1
17,100,56,19
4,94,62,0
1,100,58,0
14,78,42,1
1,86,53,0
4,94,76,2
5,74,66,0
0,87,46,2
7,99,47,3
0,84,67,0
8,66,49,9
3,94,45,9
3,87,45,2
0,88,66,2
0,82,66,7
2,61,67,0
18,78,50,8
21,100,28,0
2,72,57,0
2,86,60,0
4,68,70,3
0,72,47,7
20,79,52,0
15,95,29,1
9,100,49,0
15,75,57,0
12,68,54,9
5,86,57,0
4,80,66,3
9,79,60,7
0,96,44,12
11,100,1,0
4,87,29,4
4,76,62,0
18,94,60,0
20,97,49,2
0,88,45,18
0,68,50,7
10,66,52,7
0,100,67,1
7,100,24,0
31,69,68,14
13,93,66,4
0,89,14,14
0,70,63,1
0,69,67,0
6,66,64,0
7,73,55,1
0,95,63,4
19,78,56,0
16,77,43,6
0,97,60,0
3,87,69,5
16,79,57,0
6,82,51,13
10,62,62,12
12,69,52,1
16,57,64,11
9,73,50,0
0,87,66,5
21,100,37,0
0,81,70,7
0,77,56,10
16,74,59,9
1,82,52,4
0,70,51,1
20,82,54,0
3,100,41,0
3,86,56,0
0,88,29,11
8,82,55,0
11,68,49,4
0,79,54,0
6,100,25,0
0,94,41,14
3,72,57,0
5,99,48,0
0,64,70,1
6,72,61,0
12,83,57,0
7,72,52,1
16,85,55,0
0,75,50,9
8,100,33,0
28,89,51,9
0,85,63,2
22,81,61,0
3,76,61,0
17,79,49,7
20,64,57,14
0,87,63,5
9,85,56,0
14,71,58,0
21,95,14,0
6,99,47,4
2,97,59,0
7,65,52,8
5,91,60,1
13,73,61,0
10,65,62,0
0,88,53,8
32,97,76,11
0,100,59,3
0,100,38,18
18,64,65,0
15,60,65,4
0,99,71,6
12,71,72,0
2,82,69,0
21,88,49,11
13,70,64,0
11,74,51,7
38,100,71,15
0,75,49,10
16,83,55,0
5,74,58,4
9,96,64,0
6,64,51,5
2,67,63,1
19,66,65,2
0,85,58,2
0,84,50,2
13,77,53,1
0,87,51,4
0,76,49,7
3,82,50,4
27,100,65,6
12,96,68,1
0,80,50,7
7,65,68,0
17,99,55,0
6,100,54,7
13,70,48,1
5,88,50,0
2,78,50,0
7,67,49,0
3,89,58,0
21,70,65,0
0,91,53,8
2,79,53,0
2,87,51,5
1,88,40,6
11,96,5,0
9,64,62,2
9,92,32,0
13,75,49,0
17,77,56,0
13,95,50,1
34,100,37,14
4,75,38,0
14,82,55,0
19,81,42,0
27,79,62,3
15,85,51,0
13,96,46,0
17,72,53,0
12,79,54,0
15,70,43,0
0,100,41,3
9,87,51,0
11,94,47,0
13,79,49,0
26,100,43,8
16,73,53,0
14,85,49,3
12,76,36,0
10,75,44,0
25,80,63,0
13,72,43,0
19,98,49,0
16,77,50,0
16,96,45,0
15,87,49,0
10,86,41,0
22,77,56,2
17,78,55,0
15,90,54,0
23,83,55,5
12,90,48,3
22,81,52,0
9,72,35,0
20,93,73,1
17,82,54,0
22,86,62,0
16,77,53,0
30,98,52,5
10,84,50,0
9,96,38,0
11,82,41,0
10,79,41,0
23,85,44,8
7,89,50,0
28,99,58,2
34,98,56,12
11,79,47,0
12,80,50,0
20,93,46,6
14,78,52,0
9,73,41,0
21,83,55,2
9,79,50,0
18,81,51,0
21,78,62,0
26,87,57,4
10,97,47,0
24,80,60,0
10,80,47,0
28,79,37,14
13,88,39,2
14,74,52,0
10,74,41,0
24,89,49,9
16,99,63,0
2,69,36,0
21,78,59,0
35,89,70,15
22,83,54,5
4,79,29,0
29,93,49,14
22,99,55,0
22,93,40,6
16,75,53,0
3,72,41,0
13,74,53,0
10,78,42,0
11,77,50,0
19,87,54,0
18,99,45,0
26,96,60,0
13,87,43,0
30,100,47,13
40,100,44,17
22,83,78,4
28,99,55,11
12,84,52,0
9,81,34,0
25,91,51,0
18,75,54,0
12,73,38,0
7,67,37,0
27,88,68,7
16,95,62,0
13,98,52,0
27,100,51,9
17,75,46,0
7,78,41,0
9,86,52,0
9,81,39,0
11,79,38,0
31,98,49,8
23,88,54,7
13,86,36,1
18,88,52,0
5,73,37,0
20,82,55,0
14,100,56,0
21,80,59,3
12,83,39,0
22,83,62,1
19,81,45,5
12,79,41,0
25,91,83,6
7,72,38,0
24,91,46,6
14,87,55,0
28,93,42,12
22,100,63,0
14,86,27,0
10,83,41,0
13,83,34,0
7,82,48,0
15,77,51,0
17,77,55,0
20,99,60,0
11,76,40,3
10,76,44,0
11,78,36,0
14,96,59,0
10,75,40,0
10,75,40,0
11,80,41,0
27,88,60,4
11,77,45,0
14,81,62,0
22,88,66,5
15,89,55,0
30,81,51,14
9,85,41,0
21,89,64,4
15,71,32,0
9,95,47,0
15,79,52,0
15,85,53,0
16,79,56,0
13,83,49,0
4,71,43,0
15,100,53,0
12,68,29,0
13,75,38,0
19,87,35,0
18,78,56,1
14,76,54,0
8,83,38,0
18,80,56,0
7,66,19,0
26,100,62,2
15,76,53,0
13,82,47,1
21,88,54,0
6,87,37,0
17,84,55,0
15,72,42,0
23,95,57,3
29,94,64,3
11,80,39,0
14,80,33,0
14,98,51,2
18,81,58,0
12,83,51,1
13,95,50,0
21,76,53,0
15,76,54,0
13,80,53,0
21,91,57,2
11,100,46,0
20,95,53,0
6,83,42,0
14,81,34,0
14,85,40,0
19,77,52,6
11,87,50,0
7,74,48,0
21,85,62,0
19,77,52,2
35,100,40,15
23,78,53,9
9,90,30,0
3,76,32,0
21,76,60,0
19,84,54,0
16,84,54,0
19,83,50,0
29,94,57,7
27,90,39,10
22,82,65,0
26,91,41,10
18,79,56,0
15,74,53,0
35,92,60,8
14,71,27,0
17,94,40,6
16,74,36,0
20,83,60,0
33,97,44,13
19,77,52,6
4,82,48,0
21,86,62,0
27,82,56,3
6,82,43,0
5,95,42,0
19,95,68,0
11,77,51,0
10,76,48,0
7,78,48,0
25,94,44,8
16,92,53,0
5,89,49,0
13,77,48,0
21,97,44,1
10,94,51,0
20,95,42,0
18,92,55,0
36,100,46,14
17,77,51,0
15,93,52,4
24,97,89,3
15,81,54,0
15,84,56,1
17,88,67,1
27,94,48,12
12,100,54,0
24,92,57,4
14,85,74,1
26,100,53,0
19,83,54,0
26,89,60,4
19,86,45,2
18,88,48,0
20,69,54,2
6,70,39,0
12,78,52,0
31,89,52,12
13,92,53,0
14,80,41,0
19,75,51,0
12,88,50,1
17,90,54,0
17,82,52,4
4,93,53,0
15,77,59,1
21,76,59,0
26,90,61,4
9,90,53,0
20,78,56,0
21,87,52,7
12,79,42,0
21,100,54,0
10,84,37,0
18,75,51,1
27,90,70,1
14,79,52,0
30,100,44,7
23,82,60,0
23,87,46,8
8,78,46,0
15,97,58,0
36,99,42,15
19,94,49,6
19,88,56,0
33,98,79,11
26,100,52,0
27,94,57,4
21,85,51,6
9,75,41,0
29,95,56,13
12,83,48,5
7,76,35,0
16,78,48,1
17,80,60,0
12,77,51,0
17,84,55,0
25,100,40,5
17,99,47,5
16,94,41,0
18,95,33,0
10,88,51,0
19,91,73,1
9,91,51,0
8,84,33,0
16,90,70,0
32,92,48,12
2,72,30,0
17,69,45,0
11,97,54,0
18,86,39,6
16,73,52,0
15,81,38,1
16,92,58,0
16,77,37,0
15,94,42,0
15,87,49,4
8,80,47,0
37,100,57,14
13,78,49,0
14,88,51,3
9,77,50,0
14,78,53,0
8,73,38,0
17,80,35,0
19,80,43,0
12,79,52,0
25,89,88,7
10,93,36,0
11,78,37,0
17,78,45,0
15,87,64,1
19,79,56,0
19,76,52,6
21,72,60,0
15,90,44,0
9,78,39,0
21,93,60,0
18,85,81,0
25,91,72,0
14,82,40,1
13,80,53,0
9,93,50,0
17,86,50,3
8,79,45,0
13,89,42,0
17,87,56,3
5,79,41,0
3,85,43,0
21,81,60,0
23,78,58,0
13,77,44,0
8,76,37,0
25,79,53,9
13,81,44,0
4,71,36,0
10,76,42,0
19,99,51,0
17,85,42,0
1,81,29,0
9,80,41,0
9,83,44,0
8,76,47,0
13,98,62,0
16,87,48,0
23,86,54,5
5,79,42,0
17,81,52,0
20,82,48,0
6,70,36,0
8,86,42,0
14,77,52,0
3,82,38,0
9,77,37,0
9,75,51,0
9,77,46,0
25,78,42,14
35,98,77,9
14,85,36,0
11,78,52,0
33,97,56,8
26,88,36,10
32,83,63,13
12,72,38,0
28,75,61,8
8,74,41,0
20,83,57,0
12,84,51,0
18,82,56,3
16,81,56,0
14,72,47,0
35,94,92,11
25,89,71,2
5,94,38,0
9,100,51,0
18,95,51,7
9,82,51,0
12,79,26,0
17,81,42,0
20,81,56,0
5,90,28,0
14,80,43,0
3,87,32,0
13,74,48,0
2,77,34,0
13,86,37,0
12,89,44,0
23,77,68,0
19,79,42,0
6,81,48,0
20,76,61,0
13,100,47,0
19,86,41,0
20,78,47,2
4,63,31,0
14,91,53,3
4,70,33,0
24,93,60,0
16,90,46,0
16,73,33,0
29,97,38,12
11,69,44,0
20,77,41,7
17,73,47,0
37,100,85,12
10,81,43,0
18,84,52,0
29,87,58,7
9,89,56,0
5,98,53,0
22,93,64,3
14,73,46,0
27,76,60,8
21,85,86,4
12,78,36,0
18,84,56,0
22,82,55,0
6,83,43,0
36,100,48,14
0,71,27,4
18,84,35,0
14,77,54,0
6,76,38,0
20,79,64,0
35,98,50,14
20,74,60,0
16,80,37,9
20,100,46,7
14,81,45,2
20,94,50,2
8,72,39,0
25,79,59,2
14,86,41,0
13,72,39,0
20,82,56,0
29,96,51,5
29,88,40,13
20,80,50,0
18,84,56,0
8,72,46,0
20,78,66,0
21,94,82,0
26,89,74,4
5,74,41,0
16,91,51,5
7,99,33,0
22,80,49,0
13,79,49,0
17,84,54,0
11,78,46,0
19,95,70,0
21,87,55,0
12,82,49,0
37,100,56,14
26,86,70,8
12,76,52,0
9,77,40,0
16,94,51,0
40,99,70,11
22,97,55,0
9,95,41,0
8,93,50,0
17,78,52,0
9,90,35,0
9,79,22,0
14,92,41,1
37,98,55,15
18,85,57,1
19,81,54,0
15,84,54,0
17,76,46,0
10,84,52,0
27,88,35,12
22,76,56,0
27,94,53,12
12,85,44,0
17,71,45,0
22,100,70,3
39,100,37,14
14,75,33,0
16,84,46,0
26,85,68,5
14,78,54,0
16,80,51,3
12,83,41,0
23,74,61,0
10,83,48,0
13,74,45,0
9,77,37,0
13,89,53,0
18,87,57,0
10,95,51,0
9,72,50,1
8,76,39,0
13,72,46,0
14,85,48,0
32,91,39,12
14,84,49,0
12,73,27,0
14,85,53,0
16,99,51,0
19,75,48,0
19,76,57,1
10,82,43,0
36,98,44,15
11,84,49,0
20,82,54,1
13,76,46,0
11,76,36,0
0,70,35,0
24,98,65,0
6,88,51,0
2,90,35,0
16,91,47,0
25,74,58,5
9,78,37,0
18,83,45,0
26,98,61,2
12,77,44,0
15,80,62,0
19,80,51,0
14,83,44,0
17,89,56,0
5,83,41,0
19,74,56,0
17,100,75,0
21,78,58,0
20,83,37,8
30,100,64,5
22,94,63,0
8,75,53,0
17,79,55,0
19,95,64,0
16,93,67,0
15,73,40,0
17,81,55,0
1,70,33,0
22,77,67,0
25,94,53,10
21,76,59,2
10,77,35,0
24,89,54,4
31,74,61,10
21,92,59,0
20,85,56,0
13,79,46,0
21,84,66,0
16,88,57,0
6,91,42,0
14,70,42,0
16,91,62,0
27,97,90,5
14,80,49,0
28,79,56,8
20,81,61,0
11,72,43,0
37,98,37,17
11,77,39,0
39,100,55,15
14,98,31,0
19,91,48,0
14,74,44,4
21,95,53,0
30,94,54,8
16,80,45,2
12,84,48,0
19,86,50,1
15,93,52,0
18,92,48,3
17,95,51,5
36,100,44,14
10,93,50,0
8,79,51,0
21,86,46,0
10,87,41,0
6,72,35,0
31,95,59,9
13,75,51,0
7,93,50,0
15,71,28,0
6,68,34,0
16,81,53,0
14,83,41,9
29,99,42,9
17,80,53,0
21,78,56,0
17,92,57,0
7,83,43,0
23,84,50,3
7,72,41,0
20,81,59,0
33,97,60,7
10,82,33,0
23,87,66,0
5,90,46,0
20,85,58,0
27,88,42,6
7,82,42,0
18,86,54,0
16,89,53,4
25,88,50,8
8,87,37,0
6,89,30,0
7,76,39,0
24,89,51,5
19,81,56,0
9,81,48,0
18,77,52,0
4,78,33,0
8,86,58,0
22,91,55,7
9,76,37,0
18,83,43,0
20,74,54,5
29,100,44,13
17,88,53,0
14,85,52,0
15,80,53,0
24,90,63,4
15,100,47,2
14,87,47,0
5,79,36,0
14,89,55,0
32,89,53,14
23,87,51,5
14,84,37,0
5,70,47,0
15,78,38,0
1,74,34,0
0,67,36,0
26,97,42,9
12,79,45,1
13,73,51,0
9,80,51,0
11,75,28,0
28,88,96,0
5,85,48,0
18,70,55,0
10,75,48,0
22,100,41,7
18,79,54,0
19,97,38,0
8,87,44,0
12,79,49,0
10,84,41,1
18,77,52,0
35,100,58,13
19,70,50,0
14,85,39,0
16,90,39,2
6,77,31,0
19,89,56,0
27,89,60,2
10,85,44,0
18,74,49,0
15,95,49,0
18,78,50,0
25,75,57,6
14,78,53,0
33,99,41,10
15,94,48,0
11,82,44,0
18,100,52,3
18,75,51,0
23,95,57,1
9,81,33,0
8,87,41,0
8,82,42,0
35,100,85,13
26,100,55,0
18,90,62,0
15,77,34,0
13,75,40,0
29,85,71,4
10,84,39,0
15,71,48,0
0,71,33,5
8,75,36,0
30,83,89,13
15,83,49,0
17,80,37,1
19,83,50,0
32,94,69,11
17,86,51,0
26,87,75,8
15,69,36,0
10,83,46,0
5,70,45,0
3,67,31,0
7,70,35,0
30,100,54,12
10,96,47,0
26,84,56,3
9,71,38,0
7,94,35,0
14,78,48,0
16,94,39,0
11,87,39,0
9,73,49,0
17,79,33,0
10,78,42,0
28,100,65,0
26,92,51,7
25,86,82,8
13,73,52,1
8,75,40,0
12,72,30,0
11,83,46,0
12,90,51,0
19,76,52,0
7,77,36,0
11,100,43,0
21,83,42,6
26,87,69,5
28,89,57,0
15,97,43,0
18,92,49,0
15,72,47,0
12,78,45,0
16,87,50,0
8,76,28,0
16,84,53,5
8,88,36,0
16,81,52,0
18,74,40,0
7,85,40,0
11,82,43,0
6,85,40,1
31,86,71,7
11,78,44,0
11,78,49,0
19,87,47,0
12,86,41,0
21,82,51,2
20,78,56,0
12,81,44,0
20,74,51,0
18,74,42,0
14,89,41,7
29,100,57,5
9,69,33,0
24,100,60,0
24,83,63,8
10,76,42,0
15,86,41,0
11,78,41,1
22,96,52,2
31,90,89,12
20,99,38,0
17,83,57,2
26,97,60,0
25,92,63,6
7,71,37,0
6,79,35,1
24,81,62,8
27,84,94,9
24,87,48,8
12,94,46,0
13,84,42,3
30,93,50,13
22,98,52,10
11,81,51,0
12,88,47,0
21,88,50,2
12,75,41,0
21,88,59,7
11,73,44,0
19,83,52,0
4,74,38,0
28,82,73,4
15,75,45,0
1,71,31,0
25,83,70,5
7,85,37,0
30,94,37,10
30,100,67,9
21,84,50,0
25,100,54,9
26,96,44,8
9,97,39,0
13,97,43,0
16,92,43,0
8,83,33,0
17,85,39,0
10,70,43,0
19,80,53,2
12,86,48,0
11,77,47,1
17,85,45,6
25,100,68,0
17,90,57,0
18,93,27,0
16,75,36,0
19,80,53,0
15,79,52,0
8,72,32,0
15,85,43,0
6,81,41,0
15,76,44,0
26,100,45,0
25,93,56,6
27,92,39,9
11,90,43,0
0,69,38,0
17,73,54,2
10,75,44,0
20,74,56,0
28,90,62,9
18,93,48,4
23,100,42,0
23,100,53,7
20,83,58,0
32,81,66,3
26,97,77,5
16,81,55,0
15,86,42,0
13,87,43,0
30,100,46,9
22,88,50,7
19,93,50,0
20,75,58,0
33,95,100,13
22,100,40,0
11,86,46,0
24,93,58,7
13,76,48,0
9,71,46,0
22,96,64,0
3,70,21,0
6,70,33,0
20,100,48,2
21,82,44,0
4,75,22,0
29,98,67,10
14,90,53,0
16,86,58,1
6,79,42,0
18,77,50,0
15,95,49,0
26,81,62,10
11,74,40,0
18,89,55,2
17,91,51,4
28,76,64,0
30,84,62,3
24,88,55,2
22,85,45,6
16,90,43,3
15,72,49,0
27,100,63,0
28,92,47,6
12,71,43,0
18,95,42,0
11,84,41,0
26,76,62,6
21,95,58,0
4,79,36,0
16,85,46,4
31,91,76,10
17,95,67,0
13,93,44,0
11,75,44,0
9,75,38,0
10,69,48,1
19,80,49,0
23,100,41,4
8,75,38,0
14,91,42,0
12,83,42,0
10,77,46,0
4,83,38,0
16,92,49,3
11,85,41,0
26,78,56,5
15,72,46,0
22,98,52,0
27,91,57,10
16,87,50,0
6,78,34,0
16,81,40,0
16,73,50,0
10,71,38,0
17,79,49,0
8,77,42,0
11,65,38,0
26,77,55,4
9,81,45,0
25,100,61,0
17,80,49,0
21,79,52,0
20,100,49,0
28,89,78,9
33,100,68,9
13,78,46,0
14,85,49,2
10,72,46,0
23,95,49,0
27,77,60,5
16,82,53,1
11,89,44,0
7,75,40,0
6,93,43,0
20,98,50,6
7,73,38,0
14,81,45,0
20,89,57,0
7,76,40,0
15,79,48,0
12,79,42,0
14,73,46,0
5,84,35,0
13,78,44,0
21,95,49,4
26,100,60,2
25,94,37,7
17,76,43,0
32,95,43,9
18,96,57,0
9,78,42,0
17,89,49,5
15,93,46,0
5,80,33,0
31,93,69,12
28,93,64,5
8,70,41,0
15,84,42,0
15,91,53,0
31,85,61,10
29,96,61,4
18,93,41,6
16,76,42,0
20,100,47,0
5,75,37,0
16,99,46,0
25,79,57,4
15,81,49,0
15,69,46,0
10,77,36,0
9,77,37,0
17,91,50,0
5,78,38,0
22,92,54,6
0,69,40,1
21,88,56,2
20,85,44,7
8,74,46,0
30,100,67,7
10,71,47,0
24,98,53,0
30,98,80,9
25,93,34,8
7,79,43,0
17,89,53,0
31,100,70,9
28,92,48,7
15,90,43,0
13,79,51,2
31,99,35,9
1,68,36,0
3,72,32,0
17,84,45,0
11,73,37,0
18,99,43,0
10,86,47,0
19,88,59,4
23,86,53,6
12,88,43,0
23,84,52,5
29,78,63,5
14,79,54,0
11,87,42,0
21,95,47,0
23,93,62,0
19,78,47,6
29,99,69,5
17,86,41,0
13,86,36,0
17,78,52,6
11,75,37,0
17,79,48,0
30,98,75,10
0,74,73,16
28,43,44,46
33,39,56,40
8,68,77,40
22,58,49,38
19,55,50,43
20,57,55,34
9,48,64,21
16,52,70,42
1,53,78,22
45,59,29,41
21,54,66,47
0,76,75,23
0,73,46,27
0,72,94,22
8,54,65,29
16,52,76,40
24,48,58,47
32,60,33,36
5,52,97,29
0,54,58,21
0,70,51,23
27,58,36,30
17,58,67,45
12,52,59,30
19,64,54,51
2,55,41,20
0,77,35,26
30,39,46,37
20,56,50,28
8,67,81,34
10,57,43,23
8,52,70,29
7,57,69,27
0,66,66,29
0,69,72,34
22,65,45,36
24,60,41,30
7,53,65,28
6,57,48,24
1,58,68,20
9,52,88,30
10,48,81,31
17,49,51,27
7,57,57,29
0,66,59,18
13,48,78,37
7,55,85,30
33,40,47,50
4,55,66,31
0,74,48,29
16,47,49,23
18,45,81,38
0,70,55,16
21,52,44,32
31,41,56,39
19,65,51,31
0,64,54,22
39,57,27,33
17,55,36,28
12,64,68,35
1,53,100,24
0,69,100,24
10,67,61,23
0,56,47,18
0,71,54,19
7,54,62,24
20,46,49,31
31,38,59,51
14,46,51,23
11,61,61,35
5,51,78,26
14,61,62,43
7,60,70,34
0,53,100,22
0,74,100,22
0,56,49,16
5,59,60,34
25,51,47,38
24,47,51,44
27,60,39,38
20,58,48,34
22,56,39,27
31,52,44,19
1,70,57,28
1,57,64,20
19,51,62,44
18,51,62,40
28,39,46,18
0,60,54,22
0,68,48,25
15,62,75,45
0,76,78,27
0,65,51,26
26,37,45,34
17,44,60,36
3,71,58,30
14,57,46,39
10,58,57,38
0,58,71,16
2,56,84,16
10,64,76,42
2,53,95,25
14,52,61,35
34,42,45,37
31,44,51,49
15,48,54,30
10,51,46,26
0,49,95,22
9,60,76,32
0,75,68,14
2,65,48,30
4,71,58,34
9,71,86,26
6,52,75,31
0,70,37,21
19,52,43,20
0,64,49,23
7,61,47,33
14,49,55,21
0,79,43,25
4,58,84,27
0,67,70,16
0,58,49,18
0,72,46,2
15,49,59,25
38,51,18,32
0,70,64,11
0,68,61,20
10,46,75,29
13,68,73,32
0,57,62,24
12,55,62,36
16,51,51,36
35,40,43,28
0,59,84,17
1,61,48,27
9,57,47,31
17,50,45,24
20,50,47,24
13,70,67,38
13,69,61,41
11,50,78,36
10,67,79,43
0,74,60,27
0,54,92,25
17,48,51,32
28,35,50,32
16,56,53,33
1,65,100,28
0,76,50,30
37,61,18,51
0,67,94,25
17,56,53,35
11,57,65,30
0,69,36,11
0,72,78,22
3,59,76,31
0,67,100,27
9,59,38,24
18,48,49,22
8,68,64,24
0,68,58,24
34,42,43,36
21,48,44,31
29,55,51,38
0,75,54,10
14,50,58,25
12,65,70,43
14,61,65,44
0,70,51,26
19,43,52,35
32,50,51,49
30,49,48,38
3,66,52,32
0,70,91,28
3,53,56,23
1,63,60,31
19,50,48,22
19,46,49,20
7,61,84,33
0,56,38,18
0,64,55,27
12,51,91,42
11,58,84,40
14,48,66,33
21,55,40,35
8,53,68,31
42,50,37,33
6,56,52,28
0,72,55,29
0,67,89,25
0,70,39,20
5,59,100,28
18,61,72,42
0,58,68,20
18,68,53,39
24,57,55,25
0,59,60,18
5,56,53,30
10,68,46,26
0,64,65,21
14,53,76,37
0,57,62,26
9,54,66,34
16,55,53,34
29,58,43,35
15,59,57,32
16,57,80,45
16,48,58,28
8,64,55,32
18,50,55,38
12,47,63,31
6,59,61,29
5,60,83,31
0,70,60,23
0,72,66,24
21,53,56,40
31,39,51,52
16,60,53,44
6,67,73,38
10,49,65,28
30,47,55,44
19,53,58,39
16,49,42,23
12,47,59,24
0,57,60,21
32,48,26,32
2,64,45,32
7,51,67,24
13,61,44,27
4,62,67,24
4,55,50,19
37,42,19,30
5,63,57,24
5,54,100,23
10,68,60,31
0,55,57,23
0,70,93,26
0,65,100,23
15,50,89,40
12,71,53,45
12,59,62,34
24,49,59,41
12,49,68,29
6,65,44,33
0,66,69,19
4,65,61,22
0,69,91,17
22,57,51,41
5,68,67,32
21,51,57,40
26,40,43,30
0,70,65,27
11,52,72,35
22,41,46,17
0,74,84,20
18,66,66,47
12,61,100,42
12,50,60,23
28,73,41,24
8,60,64,35
7,55,63,18
0,74,63,20
18,66,37,24
4,59,62,30
16,53,46,28
0,69,84,25
25,39,57,44
4,71,53,37
0,71,42,20
0,76,49,29
0,61,81,20
8,45,62,20
11,65,73,45
0,53,100,20
15,58,40,27
18,52,56,35
31,53,48,37
0,66,57,27
24,53,60,39
18,58,63,43
10,56,55,32
9,52,67,27
0,78,51,18
21,48,45,21
20,45,44,27
0,67,100,25
28,60,40,38
0,65,70,26
1,70,75,32
21,47,68,42
12,57,53,37
15,48,61,32
31,59,41,62
20,49,63,40
21,46,61,38
0,67,36,27
25,52,48,27
29,34,36,26
17,65,62,39
15,59,71,40
10,70,58,39
27,49,51,42
1,62,91,23
9,58,53,23
5,50,88,28
0,57,97,20
13,60,48,40
7,60,87,37
29,55,44,33
23,56,51,40
15,50,53,30
16,48,64,27
6,57,54,23
0,77,52,19
27,49,51,41
12,55,79,38
3,56,62,25
0,73,85,18
8,51,78,28
4,54,84,23
11,55,85,35
37,34,50,50
15,49,62,35
1,52,100,23
13,57,64,40
8,54,51,21
9,50,54,25
17,56,52,30
26,49,50,32
0,75,96,10
17,66,53,26
2,50,94,24
4,51,82,19
9,56,60,25
12,49,65,31
0,70,51,17
11,52,69,29
4,60,86,32
0,68,54,27
23,63,52,37
3,66,64,23
0,64,56,22
40,51,27,36
9,49,47,21
1,68,76,29
10,50,62,24
0,71,47,25
6,52,76,26
12,52,93,38
0,62,46,21
42,58,30,41
28,51,29,29
9,66,58,24
15,51,57,31
4,49,59,24
10,46,73,32
0,62,85,22
16,49,58,34
32,55,39,48
2,61,63,23
43,58,21,34
10,62,52,37
0,57,100,21
8,54,77,31
14,67,57,27
10,62,47,33
26,60,58,54
26,54,51,39
13,53,45,31
4,54,57,16
23,49,51,37
0,71,67,29
32,61,42,45
8,48,78,30
25,44,40,25
0,67,49,18
27,51,45,39
19,53,57,40
23,46,46,36
18,60,60,42
22,40,62,42
38,46,54,22
31,42,45,46
6,54,100,26
12,47,70,26
0,58,100,14
10,55,69,30
0,73,59,15
9,58,56,31
24,58,64,56
26,53,67,57
5,54,88,31
18,60,40,35
0,72,34,11
26,63,53,42
0,74,51,25
0,59,87,15
32,34,38,28
1,67,71,18
0,68,82,23
18,62,53,31
1,62,78,29
41,39,47,42
0,59,88,18
2,56,73,27
0,66,57,10
1,58,62,29
10,57,36,25
8,61,71,38
0,69,51,21
9,51,68,27
20,46,27,27
0,62,100,19
32,33,43,37
0,65,54,20
20,48,56,40
10,45,68,19
0,59,92,27
23,56,45,31
14,53,48,22
9,58,85,39
0,74,48,17
12,56,58,39
5,54,70,22
0,70,66,30
41,47,30,35
8,57,61,21
13,57,62,40
39,48,14,51
24,39,48,33
24,46,51,37
22,42,45,24
4,61,49,24
0,74,67,22
8,64,94,38
31,43,44,36
4,66,76,36
7,50,69,22
24,50,43,41
0,66,71,29
26,44,48,39
21,41,51,33
3,64,79,28
26,47,51,40
19,50,48,31
13,55,53,39
4,60,51,25
10,53,62,32
1,55,61,22
23,45,41,35
19,47,63,30
19,66,42,36
27,55,47,48
4,60,58,29
25,42,43,28
0,71,100,26
17,51,54,33
7,56,53,22
8,50,95,29
0,85,58,26
4,67,34,19
23,47,51,35
15,54,75,42
29,57,41,30
14,59,75,39
0,73,73,27
6,61,62,35
0,66,44,15
15,65,50,24
21,47,54,34
10,48,59,20
0,66,65,31
32,42,34,28
0,57,62,18
18,50,69,43
18,52,58,37
8,59,90,30
10,65,47,24
2,58,56,21
22,67,48,25
12,54,88,40
21,56,56,37
8,46,81,26
24,50,47,22
11,52,51,28
17,56,51,22
10,47,80,30
24,49,41,39
36,37,41,34
0,66,80,19
11,55,41,24
8,62,74,32
14,50,70,37
77,55,45,98
7,49,77,28
15,54,57,32
21,55,59,50
4,55,62,23
22,44,49,36
2,66,68,27
22,59,54,46
14,53,53,32
0,65,53,16
15,55,56,27
7,48,68,28
14,60,63,42
3,51,56,22
0,70,70,19
24,42,55,40
1,59,90,25
3,74,58,39
0,59,60,22
0,69,86,30
0,71,97,21
18,64,47,46
10,49,97,33
0,74,66,22
25,55,49,38
8,60,64,21
0,54,89,18
0,78,69,9
26,60,66,49
21,54,49,37
0,82,41,7
11,60,58,42
24,48,70,43
20,59,38,28
0,54,41,18
0,75,68,30
20,54,56,25
16,48,49,21
8,53,75,34
0,68,63,27
18,62,55,31
34,56,30,34
2,58,43,21
21,50,51,36
11,54,68,35
8,51,85,30
6,59,77,31
6,63,77,37
0,56,71,18
7,52,76,23
12,62,58,35
29,51,37,37
9,52,46,26
6,48,67,25
30,57,12,39
13,56,57,31
6,63,38,24
16,68,78,49
34,34,34,31
0,70,43,31
7,60,65,36
19,50,51,33
12,55,51,30
0,57,100,17
0,61,59,20
5,64,63,32
13,49,83,38
23,43,56,44
7,49,62,18
21,50,55,31
0,57,53,19
16,56,52,40
20,53,50,38
21,58,55,43
35,35,42,43
0,56,58,22
0,69,100,17
10,59,52,26
9,67,43,31
28,49,53,46
25,38,54,42
23,57,60,49
15,51,64,34
20,44,40,23
8,67,78,43
25,60,53,44
8,70,87,42
15,52,51,28
24,43,41,34
1,56,100,28
47,38,41,37
19,41,68,36
12,69,75,32
18,68,51,42
6,63,69,36
1,61,38,25
18,50,69,45
22,52,52,44
0,76,85,18
6,53,64,18
31,36,68,57
0,58,100,25
16,48,65,31
0,56,98,20
0,66,62,18
13,52,61,28
4,61,75,33
16,56,46,37
27,49,41,38
0,62,70,20
0,70,60,20
11,66,85,35
10,53,52,23
20,61,60,32
13,66,70,33
16,45,92,43
9,63,74,25
12,67,52,29
12,45,58,24
17,52,52,37
0,71,72,16
0,69,46,20
1,61,88,28
0,75,80,18
16,63,56,50
12,62,54,28
0,65,85,14
21,49,47,31
11,56,46,34
18,59,61,43
22,52,64,46
26,52,42,35
2,60,58,28
0,72,100,28
11,70,55,24
25,59,38,29
6,49,93,29
5,58,64,32
17,63,60,37
16,60,85,49
13,46,60,32
3,57,45,20
29,42,43,23
25,42,54,33
0,63,62,15
15,55,65,35
12,55,60,33
19,49,61,33
20,65,38,37
12,59,79,32
20,61,49,38
0,72,54,19
0,68,67,25
0,71,66,18
15,64,46,17
11,63,69,41
12,67,49,35
18,48,38,24
19,62,46,34
0,73,58,25
22,55,55,35
0,78,60,24
20,51,42,30
0,78,42,26
21,64,57,35
13,58,45,28
0,70,40,9
31,53,38,31
3,68,53,27
4,58,100,29
4,67,84,35
12,52,91,38
0,58,46,19
31,55,31,34
8,50,77,30
14,54,70,41
6,62,46,26
0,61,36,22
3,56,72,19
4,55,75,24
16,52,58,35
0,65,69,25
3,56,58,29
0,55,100,26
17,52,60,35
3,63,80,28
20,55,59,45
0,76,66,25
1,69,70,19
0,55,49,25
0,78,37,9
22,48,58,43
14,66,64,39
21,51,49,31
8,62,93,34
12,53,73,33
18,63,58,39
0,66,72,14
0,60,36,21
15,53,64,30
24,52,51,36
18,57,37,31
0,58,98,15
7,68,65,34
17,48,81,43
3,45,82,20
6,53,68,29
30,40,40,39
14,52,53,27
16,50,68,40
0,62,42,27
4,69,55,24
15,57,78,47
15,57,50,34
17,46,68,32
0,62,70,18
5,62,99,33
0,80,40,22
22,55,39,31
6,72,61,21
25,60,48,35
18,58,77,47
11,49,59,18
0,55,97,25
35,46,37,32
0,59,79,16
0,69,37,29
17,50,73,44
10,51,73,35
27,52,50,42
16,51,88,43
15,54,66,44
0,93,60,26
0,56,100,21
4,80,69,28
39,57,41,44
23,53,50,36
16,70,40,45
0,78,63,8
2,52,100,25
33,50,48,45
0,74,96,23
11,59,77,39
0,70,44,12
18,48,74,45
0,72,88,32
16,50,73,39
0,56,54,17
0,57,100,13
14,49,57,31
0,58,74,12
0,69,49,26
0,60,53,21
11,54,84,36
8,57,81,34
6,58,52,13
6,61,94,33
24,41,52,37
0,66,81,23
27,56,58,54
1,58,43,27
5,55,36,18
12,56,92,38
22,56,46,36
0,79,67,16
34,38,44,50
0,59,78,17
0,66,94,15
27,56,40,43
0,63,41,6
29,44,48,46
0,76,65,17
7,65,35,19
6,61,61,34
16,53,70,43
0,58,81,24
0,75,57,23
11,49,76,38
7,54,58,29
22,53,53,42
0,52,44,19
12,53,43,29
0,85,68,27
0,96,54,31
5,68,80,29
0,62,47,10
1,63,75,29
34,45,45,58
0,65,46,27
0,62,100,26
13,55,80,39
0,86,56,21
21,57,35,45
11,59,70,39
19,52,55,32
17,51,61,42
26,44,65,53
0,64,80,24
0,59,100,26
24,54,67,51
0,64,64,23
0,58,57,21
2,68,32,0
0,73,100,23
7,54,70,27
0,68,45,23
16,57,62,43
0,77,50,34
24,55,46,47
12,68,38,37
9,59,73,34
0,58,49,17
3,75,61,37
19,66,59,40
10,65,86,37
15,67,59,46
9,67,76,37
13,52,55,31
8,59,69,29
5,60,73,30
0,61,97,15
8,56,40,24
13,49,90,37
0,64,44,15
10,54,64,34
0,60,100,13
14,55,57,34
17,51,60,38
4,51,100,28
8,69,54,41
7,53,78,28
21,54,37,36
0,65,90,24
18,58,54,42
12,49,52,23
7,63,46,29
0,70,100,24
0,61,34,25
10,57,38,37
17,70,47,47
0,64,100,25
6,63,53,31
19,63,48,43
25,52,60,45
15,48,67,39
23,52,55,47
9,63,59,39
6,70,65,38
17,49,68,43
8,68,59,37
8,69,66,35
0,68,57,25
4,61,84,31
6,64,56,36
0,79,59,29
0,53,51,17
37,37,36,51
0,63,66,20
1,74,61,18
17,53,42,24
0,61,44,20
0,76,78,22
6,51,88,28
15,52,64,35
7,68,75,38
18,60,44,45
0,67,48,2
15,53,57,36
0,62,32,24
23,59,43,43
16,65,62,35
0,53,100,16
0,68,74,28
8,55,72,30
0,63,55,25
13,50,68,37
15,66,72,48
0,58,66,23
5,58,87,33
0,99,47,27
4,70,59,31
19,66,53,34
0,71,68,24
25,57,46,44
22,46,61,49
9,59,56,26
4,62,60,33
0,81,67,30
8,54,92,33
0,71,55,30
5,54,79,26
0,68,53,28
0,64,44,12
15,68,76,50
16,56,64,44
15,50,72,37
0,74,63,16
17,56,42,34
18,54,54,38
22,64,41,42
0,78,59,23
0,66,67,31
8,57,46,14
0,73,56,20
17,54,66,43
2,67,50,26
0,77,53,22
17,49,64,41
16,47,84,36
0,60,74,16
8,56,36,27
0,73,41,25
0,59,78,19
0,69,68,32
8,59,87,37
9,55,61,36
0,63,63,28
5,73,59,34
11,59,54,36
0,70,43,25
22,72,40,48
10,61,65,40
5,55,47,18
0,59,66,18
0,92,61,21
0,80,63,24
16,71,39,45
0,64,40,25
8,69,70,39
0,73,95,22
0,63,63,2
24,56,53,45
6,61,62,31
0,82,50,22
8,58,57,33
0,69,87,21
42,52,29,50
20,65,74,48
13,45,72,34
2,56,48,23
25,50,52,53
0,63,59,22
0,66,62,29
20,54,68,46
8,51,92,33
8,61,69,32
14,55,77,43
17,50,48,27
46,53,28,55
15,51,77,44
0,62,60,25
18,47,55,31
31,61,40,46
2,64,64,22
16,54,34,40
0,58,97,17
11,59,86,39
27,54,58,50
19,51,67,42
0,60,65,24
7,54,44,18
18,58,62,40
19,50,81,46
23,49,62,47
22,54,46,34
0,72,52,28
10,52,100,37
0,68,60,18
4,63,78,35
23,65,62,54
29,60,50,57
0,72,55,25
31,51,43,51
20,50,48,31
0,66,100,26
50,45,14,52
22,55,43,32
16,53,76,41
24,53,47,45
14,50,68,37
12,47,86,36
10,53,54,34
14,55,59,36
0,71,62,24
10,47,67,34
11,57,52,31
21,48,76,48
0,77,77,27
6,59,85,34
1,64,40,30
0,56,96,24
0,76,54,32
0,69,73,23
0,65,62,19
9,69,36,31
0,75,58,24
13,47,50,16
12,49,70,29
17,51,57,41
0,81,85,22
0,72,93,26
9,53,87,35
2,68,94,32
4,53,44,15
0,83,67,25
13,52,64,37
0,95,48,29
4,54,97,29
0,76,57,32
0,55,95,22
6,51,78,31
0,73,72,34
0,60,74,15
0,58,57,20
12,57,58,39
3,66,79,32
0,75,66,17
0,60,83,12
0,68,92,28
13,51,78,36
0,59,65,22
0,68,74,27
9,68,52,40
5,57,94,31
5,55,100,28
31,58,60,62
2,59,100,29
11,51,89,36
27,59,48,50
0,63,69,8
8,59,45,21
14,53,91,40
9,58,84,34
8,73,58,18
19,52,51,37
0,62,70,28
21,67,34,46
0,57,100,18
22,60,42,38
35,43,40,43
16,64,57,46
9,52,92,33
6,58,46,23
9,56,54,22
12,52,79,37
12,69,31,0
0,61,56,27
0,61,100,3
13,51,63,34
13,51,62,30
15,51,84,42
0,68,98,22
0,79,67,26
0,83,66,24
0,69,50,20
3,54,67,29
0,64,63,24
0,59,52,19
26,51,83,54
20,42,54,31
10,62,51,37
